867788
868860
867789
866705
866706
868861
868859
869930
869929
869931
865623
867790
871006
871007
871005
866707
868862
865624
871008
869932
869928
866708
872083
865622
872082
872084
868863
867791
864543
872085
871009
869933
865625
871004
866709
873157
865621
864544
866704
873158
872086
867792
867787
873156
871010
869934
873159
872081
873155
867786
767551
766466
767550
767552
766465
768631
766467
768630
765365
767549
767553
765364
768629
765366
768632
766464
766468
769712
765367
769714
768633
764285
765363
769715
767548
769713
764286
768628
766463
764284
767554
766469
764287
769711
770776
765362
765368
770774
770775
767547
769716
768627
764288
764283
766462
763205
770773
768634
767555
763206
714665
714664
713508
715810
715809
713507
713509
712361
714663
716957
712360
716958
712362
715808
713506
714666
716956
712359
711219
715811
711218
711220
714667
718131
713510
715812
718130
718132
711217
718133
714662
715807
710055
710054
713505
719290
710053
712363
716955
716959
718129
719289
719291
714668
716960
711221
715806
715813
710052
716954
641653
642906
641652
640406
640405
642905
641654
644152
639159
641651
644151
640404
642907
639158
642904
640407
644150
639157
641650
641655
642903
640403
645394
642908
637896
644153
645395
645393
644149
637897
639156
637895
639160
640408
645396
642902
640402
637894
646647
645392
641649
646648
644154
636642
644148
646646
639155
636641
636640
642909
640366
639119
641613
637857
640365
642866
636602
639118
641612
637856
644112
642865
644113
635349
645356
636601
642867
646609
645355
645357
641611
634086
641614
644114
644111
640364
639117
646610
635348
642868
637855
647864
642864
640367
645354
636603
639120
646608
641615
634085
644110
647865
637858
647863
649122
646607
649123
632832
632833
634087
692234
691023
693444
694649
689808
693445
692233
695861
688593
691022
687386
688592
686181
694650
689807
687385
686180
695862
697082
684961
697081
688591
698278
699469
698277
697083
683743
687384
684962
699470
684960
686179
692232
695860
683744
700663
693443
682528
700664
694648
682529
698279
681295
701851
697080
701850
683742
689809
695859
681294
743965
742788
743966
742789
741601
741602
742790
741603
743967
747496
748654
746326
749826
745140
750984
746327
747497
754431
736863
745141
734493
755549
748655
752138
749827
735679
750985
746328
756658
754430
754429
753302
745142
747498
755548
735680
734494
736864
755547
757744
752139
754432
748656
738052
749828
756657
756656
755550
739237
753303
837546
838530
836557
839523
835579
838529
840538
836556
834614
837545
839522
841548
833646
840537
835578
834613
838528
832692
842562
833645
839521
836555
835577
837544
841547
832691
831732
842561
840536
843618
837547
840539
836558
834615
841549
834612
831731
835580
833644
830763
843617
839524
838531
842563
844663
833647
840540
830762
837548
831733
646847
648102
646848
646846
645594
648103
648101
645593
645595
646849
646845
648100
648104
645592
645596
649361
646844
649362
646850
649360
648099
648105
645591
649359
649358
645597
649363
650626
644350
650624
650625
644351
644353
650623
646843
644352
648098
645590
648106
649357
650627
646851
645598
649364
650622
644354
651882
650628
651881
651880
1091677
1092533
1091676
1091678
1092532
1092534
1093379
1091675
1091679
1093378
1093380
1092531
1092535
1090809
1090810
1090808
1093381
1093377
1090811
1094237
1091680
1090807
1094236
1092530
1092536
1094238
1091674
1094235
1093382
1093376
1094239
1090812
1090806
1091673
1091681
1092529
1092537
1094234
1095095
1095094
1094240
1095096
1093383
1093375
1090813
1095093
1089944
1089948
1089945
1090805
1027805
1026748
1027806
1028868
1026749
1028867
1027804
1028869
1026747
1025691
1027807
1029912
1025692
1028866
1026750
1027803
1029913
1028870
1029911
1025693
1029914
1025690
1024634
1030959
1027808
1030958
1028865
1024635
1026746
1030960
1029915
1025689
1030957
1027802
1028871
1029910
1026751
1024636
1029916
1025694
1023575
1030961
1023576
1024633
1026745
1030956
1027809
1028864
1028872
1023577
677739
678983
677738
677740
678984
676512
680210
678982
677741
678985
680209
677737
680211
676511
678981
676514
680208
681439
680212
681438
678986
677742
681440
676513
676515
678980
680213
677736
681437
681441
675285
676510
680207
675286
682673
682672
681442
682674
678987
675287
680214
675284
675288
677743
682675
681436
682671
675283
676516
674040
973385
973384
973386
973387
973383
972317
972316
972318
972315
972314
973388
974450
973382
974451
974448
972319
974449
974454
972313
975529
973389
974447
972320
975530
974455
975528
973381
974452
973390
974446
972321
975531
972312
974453
976614
975532
971256
974456
975527
976615
973380
972311
975533
971255
976613
971253
974445
972322
973391
971258
843521
843522
842468
844565
842469
844566
845602
842470
844564
843520
844567
843523
845603
841454
841455
841456
845601
846648
846647
845604
844563
846646
844568
843519
846649
845605
842467
841457
845600
842471
847668
840447
847667
840446
842466
843524
843518
844562
846645
847669
845599
847666
839432
840445
840448
841453
846650
839431
842465
848683
858967
860025
860024
857913
860023
858968
861085
857914
857912
861084
856876
856875
861086
857915
858969
860026
857911
860022
858966
861083
856877
862153
860027
862152
855832
856874
858970
855831
861087
856873
857916
862154
855830
855833
856878
860028
857910
862151
858965
861088
856872
855834
858971
857917
863228
862150
856879
862155
855829
861089
193230
194364
192091
193229
192090
194365
194363
193231
192092
195493
193228
193232
194366
195492
195494
190953
192089
194362
195495
190954
190955
193227
196619
196620
195491
196618
192088
194361
192093
196621
190952
190951
195490
193226
190956
192087
196617
197732
189806
197731
194367
197733
189807
193233
194360
196616
197730
190950
189809
189805
570379
571623
570378
569150
571622
569149
570380
572851
567916
572850
569151
570377
571624
571621
567917
570381
572852
571625
569148
574078
572849
566681
569152
574079
567915
574077
567918
566682
570382
572853
567914
569147
566683
571626
575326
569153
575327
575325
567919
565461
566680
565462
572848
574080
570376
574076
571620
570383
566684
572854
849595
849596
848572
848573
850618
849594
850619
850617
847557
849597
847558
848574
850620
848571
851643
851644
847556
847559
846527
851645
849598
849593
848570
850621
846528
848575
851642
852680
850616
852681
846526
846529
847560
851646
852682
851641
849592
845489
849599
847555
850622
852679
845490
848576
850615
845488
851647
846525
845491
847561
791484
790458
790459
791485
791483
792498
790457
789433
792497
789434
792499
791486
791482
790456
792496
790460
789435
789432
793491
788397
792500
793492
792495
789431
790461
788398
789436
793490
788396
793493
791487
791481
793489
788395
787360
792501
788399
787361
787359
794494
790462
793488
788394
790455
787358
787362
789430
789437
791488
794493
688242
687041
688241
687042
687040
688243
688240
685826
685827
685825
687039
687043
689448
688244
685824
688239
685828
687038
684608
684607
687044
684609
685829
689447
684610
684606
685823
689451
688238
689450
688245
689446
687037
683390
683389
684611
684605
689449
688246
687045
683388
685822
689452
690664
685830
683392
683391
684612
689445
690668
583693
584958
582418
584959
583694
582419
584960
583692
583695
582420
582417
584961
582416
586227
583691
583696
582421
586228
584957
586226
587494
587495
581152
581150
584962
586229
581151
587496
583690
583697
581153
582422
586225
579905
584956
588752
584963
581149
588751
579907
588753
579904
579906
582415
582423
583698
587497
586230
581154
588754
397234
396081
397235
398378
396082
398379
397233
396080
394945
398380
394944
397236
399519
394946
398377
396079
394947
393806
399518
397232
393805
397237
396083
398376
400648
399520
394943
399517
398381
396078
394948
393804
400649
399516
393807
397231
392668
396084
398375
393808
392669
392667
401774
401773
400647
400650
399521
400646
393809
397238
261175
261176
262365
262366
259999
262364
263554
261177
260001
262367
264749
263553
260002
258810
260000
258811
264748
265951
258809
257619
265950
258808
257620
261178
262368
263555
256423
256424
264747
264750
267156
265949
263552
257618
265948
267157
257617
263556
267155
256422
265947
267158
256421
264751
263557
268358
268359
265952
260003
267154
260029
260030
260031
261206
261205
261207
258835
261208
260028
257640
258837
258836
260032
260027
262398
261209
258834
257639
262399
261204
256453
260033
257641
262397
256452
258838
257638
261210
258833
257643
262401
257642
262396
261211
256454
262395
260034
256450
258839
256451
262402
257637
261212
258840
256449
260035
256455
258832
255257
255254
933483
934579
933484
934580
933482
935671
933485
934578
932402
935672
935670
934581
933481
932403
934577
935673
932401
936757
933486
936758
936756
931323
934582
935669
932404
931324
934576
936759
936755
935674
933487
937853
931325
935668
937854
934583
936760
932400
937855
937852
932405
935675
936754
931326
932399
937851
937856
931322
938947
936761
690906
692117
689691
690905
692116
689690
693328
690904
688475
693327
692115
689689
688474
690907
692118
693326
688473
687268
694533
690903
689692
687267
692114
694532
689688
693325
690908
694531
692119
688472
687266
686063
693329
686062
695745
694530
693330
689693
688476
695744
695743
687265
686061
694534
690909
687269
692113
692120
695742
695746
