966120
966119
967394
964821
966121
967393
964820
967395
968679
966118
964822
968678
967392
964819
963513
963512
966122
968677
964823
966117
969973
967396
963511
968680
969972
967391
964818
963514
968681
968676
966123
969971
962206
962205
963515
967397
969974
971251
971250
962204
964817
963510
966116
964824
967390
969970
969975
971252
971249
962207
968675
968682
962208
963509
972531
963516
972530
962203
964816
971253
966115
971248
967389
969969
972532
972529
969976
968674
960901
960900
964825
966124
962202
963508
960899
967398
971247
972528
972533
962209
964815
971254
969968
973813
968683
966114
959607
973814
959606
959608
973812
960902
963517
963507
964826
962201
966125
959605
967388
967399
968673
960903
973811
960898
972527
972534
971246
958306
958305
964814
973815
958307
960904
963518
958304
966113
960897
962200
959609
973810
969977
969967
959604
962210
963506
967387
972526
968684
975075
975077
975076
968672
959610
975074
959603
971255
973816
958308
958303
969978
973809
962211
971245
962199
975073
964813
969966
966112
959602
957004
957003
958309
960896
960905
958302
963505
957005
964827
967386
966126
971256
972535
975078
968671
967400
975072
959611
976347
973817
976346
958301
971244
957002
960895
960906
972525
976349
962198
976348
976345
972536
969965
957001
957006
973808
963519
964812
973818
958310
975079
963504
962212
959601
959612
966111
967385
957007
976344
955732
955733
975071
968685
968670
960894
955734
962197
972524
971243
973819
958300
958311
955735
964828
973807
966127
963520
960893
969979
957000
976350
959600
967401
955731
976343
964811
975080
960907
975070
963503
959599
972537
977618
969964
977617
971257
960892
966110
957008
967384
958299
972523
975082
962196
968669
959613
977616
975081
973806
955736
964829
495744
495743
497011
495742
497010
497009
498280
498279
495741
498278
499572
497008
499571
499573
495740
498277
497007
500872
500871
494462
495739
498276
500873
500870
497006
499574
494461
499570
493200
499569
499575
498275
495738
500874
502165
497005
493199
494460
502166
499576
499568
500875
491906
500869
494459
502167
495737
500868
498274
493198
499577
497004
491905
500876
499567
503476
493197
494458
502164
502168
503477
500867
498273
502163
495736
491904
503478
493196
502162
497003
491903
491902
499566
494457
503474
500866
498272
504761
493195
503479
504762
503475
502159
503473
495735
499565
494456
497002
502161
491901
504763
493194
500865
499564
504760
490585
498271
502158
504759
502160
500864
491900
504764
495734
490584
497001
499563
504758
494455
493193
500863
503472
502157
503471
490583
498270
489296
491899
490581
495733
502156
500862
494454
506024
490580
490579
503470
504757
497000
489295
499562
490582
506023
493192
502155
506021
506025
498269
506022
489294
504756
491898
504755
502154
495732
494453
503469
506026
500861
490578
507318
493191
503468
507316
496999
499561
489292
507317
507319
489290
506020
491897
489291
488002
507320
489289
489293
502153
498268
494452
490577
508612
506027
495731
488001
499560
506019
503467
500860
508610
504754
493190
507321
496998
486698
508611
508613
507315
490576
491896
504753
487996
503466
488000
502152
508614
486697
504752
506018
489288
487995
500859
507314
498267
503465
494451
489287
495730
487998
506028
508609
493189
486696
487997
507322
491895
490575
496997
506017
507313
509913
508615
499559
504751
487994
508608
509914
486694
502151
487999
486693
498266
487993
509915
503464
489286
494450
495729
504750
493188
490574
509916
506029
491894
506016
486695
508607
507323
496996
500858
924579
924578
924580
925881
923265
925880
923266
924577
925879
925882
925878
924581
923264
923267
924576
925877
927191
920645
921944
923268
923263
925876
920644
921943
924575
927192
919341
928494
920643
923262
921942
919340
928495
924574
925875
921941
923261
919339
921945
920642
925883
929791
920646
927190
929790
921940
928496
919338
924573
925874
927184
927193
918038
927185
927183
919342
920641
923260
918037
921946
931093
929792
918039
927182
919337
921939
925884
924582
918040
928487
918036
923259
920640
916727
927188
924572
931094
927187
927189
921938
916728
927186
925873
920647
919336
928486
920639
928493
928485
916726
918035
919343
916729
915398
919335
925885
924583
916730
923258
921947
921937
928492
924571
928489
916725
923269
929782
915397
920638
929781
929783
918034
925872
928488
927181
915399
914094
919334
928491
928490
920648
916724
921936
923257
914093
924584
918033
915396
928484
929789
924570
920637
923270
927194
912788
928497
919333
914092
929788
915400
912787
916723
934994
929785
919344
929780
925871
915395
929793
918032
929784
921935
914095
934995
923256
927180
928483
912786
923271
929787
931095
911473
929786
936292
916722
920636
915394
911472
914091
924569
918041
936293
934996
919332
932392
923255
910149
929779
933690
925870
911471
927195
929794
921934
914090
918031
915393
910148
921948
927179
920635
928498
937598
928482
910147
914096
918042
924568
937599
915401
936294
931096
912785
931084
919331
912789
916721
925886
910146
914089
908831
925869
923254
915392
931085
931083
921933
918030
911470
932393
933691
908830
937600
912784
929778
920649
920634
938899
927196
908829
924567
921949
924585
916720
916731
928499
932394
910145
912790
908828
914097
925868
931097
915391
912783
919330
914088
911469
938900
929795
567014
567013
568430
568431
568429
567015
567012
568432
567016
569844
568428
569843
569845
569842
568433
565609
565606
567011
567017
565607
569841
569846
565608
565610
565605
564247
569847
567010
568427
568434
564244
571277
564246
565611
567018
565604
564248
571278
564245
568426
571279
571280
569848
564242
564243
571276
562878
568435
565612
571281
564249
562877
572690
565603
572693
569840
564250
567019
562875
564241
569849
571275
562879
562876
572692
572691
571274
562880
569839
568436
572694
562873
571282
565613
562874
567020
562872
572689
567009
564240
565602
572695
562881
569850
572688
571283
574093
564251
562871
565614
572696
574092
574091
562882
564252
572687
574094
562870
574090
569851
565615
568437
568425
571284
574095
564239
575510
565601
567008
574096
572697
575508
561491
561492
575511
567021
561490
561493
575507
561489
562883
571273
561482
575512
575509
564253
569838
575513
561488
574097
576932
562869
568424
569852
571285
562884
568438
576933
560111
561485
564238
561481
572698
561484
561487
576929
561494
567007
565600
576931
561483
567022
560120
560121
565616
576930
574089
560119
561495
560110
575514
560122
574098
560114
576934
576935
561486
568439
560118
558719
561480
560117
571272
578345
574088
558718
562868
575506
567023
564237
571286
560115
560113
575515
564254
572699
569853
572686
569837
560109
560116
560123
560112
574099
576936
565599
561496
568423
578346
562885
578344
565617
560124
558729
558728
558722
574087
578343
558721
558730
564255
558727
558717
558720
575516
558724
578348
576937
558726
560125
557341
571287
578342
578347
569854
572700
557340
558725
568440
579778
575505
574100
576928
558723
567006
557339
561497
565598
558731
564236
576938
562886
578349
561479
565618
579779
575517
562867
567024
572685
1058226
1059512
1056936
1058227
1059511
1059513
1058225
1056935
1060830
1058228
1056937
1060829
1059514
1059510
1060831
1058224
1056934
1056938
1060828
1062119
1060832
1058229
1062118
1059509
1062120
1059515
1055604
1058223
1056939
1062117
1060827
1055603
1060833
1062121
1054299
1063410
1056933
1063409
1054298
1063411
1062116
1055602
1055605
1059508
1062122
1058222
1055606
1063408
1060826
1059516
1063412
1054300
1053026
1054297
1060834
1056940
1058230
1054301
1053025
1055607
1055601
1056932
1063407
1062115
1064716
1063413
1064715
1053027
1054302
1062123
1053024
1064717
1054296
1053028
1064714
1058221
1064718
1060825
1059507
1058231
1063406
1055600
1064713
1060835
1059517
1053023
1056931
1063414
1064719
1062114
1056941
1054295
1065999
1065998
1055608
1066000
1053029
1062124
1064712
1058220
1065997
1060824
1066001
1053022
1051735
1059506
1055599
1064720
1063405
1059518
1060836
1051734
1065996
1056942
1056930
1054294
1058232
1062113
1063415
1066002
1064711
1054303
1051733
1062125
1067295
1051736
1067294
1067293
1065995
1051737
1064721
1053021
1067292
1053030
1055609
1066003
1063404
1067296
1058219
1055598
1060823
1059505
1054304
1051732
1067291
1063416
1065994
1064710
1054293
1067297
1062112
1056929
1050453
1055610
1067290
1066004
1064722
1050452
1053020
1068607
1068606
1051731
1051738
1050450
1060837
1068608
1068605
1051730
1063403
1067298
1050451
1065993
1055597
1050454
1058218
1060822
1050455
1068609
1049172
1053031
1067289
1064709
1059504
1054292
1062126
1068604
1049171
1050449
1066005
1062111
1058233
1054305
1056928
1068610
1067299
1053019
1063402
1049170
1059519
1068603
1051729
1053032
1049173
1069935
1069934
1064723
1067288
1065992
1063417
1069936
1069933
1060821
1056943
1068611
1050448
1055596
1064708
1050456
1049169
1069937
1068602
1058217
1060838
1069932
1066006
1062110
1059503
1050447
1067300
1054291
1059520
1069938
1049174
1067287
1056927
1051728
1069931
1068612
1053018
1064724
1049168
1062127
1065991
1063401
1068601
1051739
1071266
1058234
1067301
1071265
896783
898116
895433
896784
895434
898115
899437
896782
898117
895432
894086
894087
899438
894085
900750
892735
894088
892736
899439
894084
894089
892734
900751
892733
896785
902053
902052
895435
891381
892737
891382
900749
899436
894090
903361
895436
898118
891383
900752
892732
892738
891380
895438
902054
891379
903362
896787
896786
898119
903360
894091
895437
896788
902051
896789
898121
900748
904676
904677
895439
891384
903363
890016
892739
898122
904678
890019
890015
898120
902055
891378
904675
888657
898123
896790
895440
903359
890017
905989
890018
890020
888658
905990
895431
899445
888656
896781
891385
899440
899435
904679
898114
887300
902050
905988
888659
905991
890014
888660
887301
904674
905987
899444
888661
907299
907298
898124
890021
887302
903364
896791
900758
895441
894092
907300
899446
903358
894083
892740
900747
899443
900753
907297
899442
887303
887299
905986
895430
896780
899441
900759
888662
907296
899434
888655
898113
902061
904673
903357
890013
908608
908609
890022
887304
899447
908610
888663
898125
904672
891386
907295
908607
903356
896792
895442
907301
894093
892731
900756
885956
900757
902062
903355
887298
900755
900760
908606
902049
892741
902056
905992
891377
905985
904680
907294
885955
908611
900754
905984
904671
902063
908605
903365
888654
909927
909926
904670
907293
902046
888664
909928
899448
909925
907302
900743
890012
902048
898126
891387
902047
900761
903354
908604
902060
909924
902059
896793
908612
899430
907292
902045
900745
894082
905983
894094
902058
900742
903371
900746
890023
905993
905982
909929
892730
885954
909923
885957
902064
908603
892742
895425
895443
899429
896775
903370
904681
904669
902057
891376
911252
895429
909922
903353
899449
896779
903372
907291
887305
911253
911251
535043
536415
535042
535044
536414
535045
537782
536416
536417
537783
539166
533651
539167
540532
537784
540533
532311
539168
530976
533652
541903
540534
532312
530977
541904
543303
532313
543304
530978
533653
541905
544674
543305
544675
550213
546058
547460
551615
550214
544676
548830
537785
547459
546057
548829
551616
546056
548828
550215
550212
553001
551617
539169
547458
548831
550211
553002
550210
547461
553003
540535
548832
547462
554406
554405
554404
546059
537786
539170
548833
550216
546060
555825
555826
536418
555824
547463
540536
551618
544677
553004
554407
541906
550217
546070
543306
537787
551619
535046
557190
546069
555827
546068
557189
546061
541907
544687
544686
533654
557188
543307
554408
550218
553005
547472
532314
543315
539171
536419
544678
544688
557191
540537
535047
555828
530979
543317
547471
548834
543316
541915
551620
554403
547470
558561
558560
541914
541916
548841
548842
558559
543314
558562
553006
541908
557192
548835
541912
541917
544685
554409
543308
541913
533655
543312
555823
546066
558558
547464
548840
543313
559963
532315
544679
555829
546067
558563
540540
544684
557187
559964
550219
530980
541911
548836
554402
547469
546071
559962
557193
533656
547465
547466
555822
547467
559965
559961
532316
550224
547473
544683
550223
551621
559960
548839
547468
537789
539173
537790
539174
537788
539172
540539
546063
550222
551622
561334
546062
540538
557186
540541
550220
546065
541910
548837
541909
540542
558557
544689
548843
561335
543310
548838
543311
543309
551625
540543
553007
554410
551624
553008
543318
561336
561333
561332
551626
553009
539175
551623
530981
539176
550221
558556
546072
541918
553010
554401
555830
561331
554411
555821
544682
544681
553012
547474
562720
544680
553011
554412
562721
803313
803314
801857
804774
804775
803312
804773
803315
801858
804776
806231
806232
801859
803311
801856
800400
800399
806233
803316
804777
800398
801860
806230
807689
807690
801855
804772
800401
806234
807691
800397
806229
803317
807688
800402
804778
798936
807692
809153
798935
809154
809152
798937
806235
801861
803310
809151
801854
798934
800403
803318
807693
809155
807687
804779
800396
810613
810614
797490
798938
801862
806236
797489
810615
798939
804771
810612
809156
807694
797488
809150
810616
797491
800404
803319
797492
812070
804780
797487
796047
798933
809157
803309
812071
810617
801853
812069
806237
796046
801863
798940
810611
800395
796048
807695
796049
806228
797486
812072
796050
796045
798941
803320
798932
797493
812068
804781
810618
809158
800405
813539
804770
801864
801852
806238
812073
813540
796044
797485
807696
796051
813541
810619
813538
800406
803321
812074
804782
809159
807686
797494
798942
796043
801865
806239
814990
800394
794585
794583
806227
813542
807697
814991
813537
794584
798931
796052
810620
812067
800407
812075
794587
794588
814992
794586
794582
814989
803308
803322
809160
804783
804769
797484
813543
793134
797495
806240
798943
801866
793133
814993
809149
816445
807698
794581
813536
810621
816446
812076
796042
793135
794589
797496
796053
813544
793132
798944
794590
809161
800408
803323
816447
814994
804784
814988
806226
796054
794580
806241
793136
793137
798930
797497
793131
801867
812077
810622
807699
817928
813545
797483
791673
816448
814995
817929
801851
800409
800393
816444
810610
793130
794591
791672
809162
803324
817930
791675
793138
814987
804785
796041
791674
798945
806242
793139
796055
791671
812078
814996
813546
810623
797498
807685
807700
816449
793129
801868
803307
801850
794579
1007048
1005829
1005830
1008284
1007049
1007047
1008285
1005828
1004588
1005831
1004589
1009530
1004587
1007050
1008283
1004590
1003348
1007051
1009531
1003349
1009529
1005832
1008286
1010759
1003347
1004591
1003350
1004586
1010760
1003346
1009532
1002106
1005833
1007052
1008287
1002107
1002105
1003351
1009528
1002108
1004592
1011986
1010761
1011987
1002104
1010758
1003352
1002109
1008288
1005834
1007053
1000862
1000863
1000861
1011988
1009533
1004593
1013220
1013221
1000860
1002110
1000864
1010762
1003353
1010757
1005827
1000865
1008289
1007046
1013222
1005835
1003345
1007054
1009534
1008282
1004594
1002111
1011985
999620
999619
1000866
1014457
1014458
999621
1010763
999618
1002103
1003354
1000859
1011989
999622
1014459
999617
1008290
1000867
1002112
1009535
1013219
1007055
999623
1005836
1004595
1013223
1010764
1011990
1005826
1003355
1004585
1003344
998385
998384
998386
1000868
999624
1015710
1000858
998383
999616
998387
1008291
1002102
1015709
1010765
1014456
1002113
1009536
1013218
998382
1007056
998388
1004596
1005837
1011991
1011984
999625
1014460
1003356
1013224
1000869
1007045
998389
1008281
1011992
1015708
1008292
1016956
1015707
1014455
1002114
1010766
999615
1014461
1009537
999626
998381
998390
1013225
1007057
1004597
1005838
1000870
997154
997155
1016955
1003357
997153
997156
1015711
998380
997152
997157
997158
998391
1014462
1015706
999627
1002115
1018198
1008293
997151
1010767
1005825
1004584
1011993
1013226
1009538
995927
995928
995930
997159
1000871
995926
1004598
995929
1016957
1007058
1005839
997150
1003358
1016954
995925
998392
995931
999628
1002116
997160
1009539
995924
1015712
1018197
997149
1013227
1008294
995932
1010768
1011994
994694
994695
1018199
994697
1014463
1007044
994693
1000872
995923
994696
1005840
1019449
998393
1008280
994692
1004599
1000857
1007059
997161
1016958
994698
1003359
1015713
995933
1019450
999629
994691
1011995
1018200
995922
1004583
1008295
1002117
1003343
950439
950438
951720
950440
951719
951721
949130
950441
949129
952994
951718
952995
951722
952993
949131
950437
949128
947834
947835
952992
952996
954258
950442
947836
951723
954259
954257
946534
951717
949132
947833
952991
949127
950436
952997
954256
946535
954260
947837
946533
946532
955526
955525
950443
955527
947832
954255
949133
946536
954261
952990
951716
951724
955524
947838
955528
949126
946531
956797
956796
950435
952998
947831
955523
954254
956798
946537
955529
950444
949134
952989
956795
951725
951715
947839
954253
955522
956799
950434
958099
946538
954262
946530
946529
958100
958098
956794
949135
945238
952999
945237
949125
955521
947840
945239
947830
945236
956800
954252
945234
945233
950445
958097
958101
956793
945240
952988
955530
951726
945235
946528
951714
959400
943938
946539
959399
953000
949124
959401
943936
955520
943935
947829
945232
950433
954263
943937
958102
954251
943934
949136
959398
950446
943939
959402
947841
951727
956792
945231
946527
945241
942652
951713
958096
942651
955531
946540
953001
949123
943933
956791
960695
955519
960694
954264
947828
956801
952987
942650
958095
950432
951728
960693
959403
954265
943940
960696
942654
954250
943941
949137
950447
953002
955532
947842
956802
941368
945230
959397
946526
942649
942653
941367
943942
958094
956790
960692
943932
946541
955533
949122
958103
954266
951712
955518
941366
960697
947827
942655
959396
962000
945242
952986
962001
950448
956803
950431
951729
953003
958093
958104
941369
955534
941365
960691
959395
940077
954249
956804
949138
942648
962002
945229
947843
961998
961999
956789
946525
945243
959394
954267
942656
959404
943931
960690
943943
941370
942657
946542
949121
955517
947826
940076
956805
958105
951711
958092
940075
961997
955535
806482
805025
807940
806481
807939
803564
809402
806483
809403
803563
805026
805024
810863
802107
802108
810864
807941
803565
809404
812319
800649
803566
800650
812320
813788
799186
802109
813789
802110
810865
815239
797739
815240
800651
799187
800652
812321
813790
816694
816695
815241
813787
796297
797740
815242
816693
815238
807938
812318
816696
809401
796298
799185
816697
818177
810862
818176
799188
794835
799189
813786
815237
806480
805023
818179
818175
800648
797741
803562
809400
818180
819659
797742
819658
810861
802106
816692
793384
794836
797738
796296
812317
796299
807942
799184
806479
807937
796300
805022
794834
819657
809405
800647
803561
809399
815236
821138
813785
797737
810860
802105
818174
806484
791923
821137
799183
793383
793385
816691
819656
806478
807936
805021
800646
796295
810866
794833
803560
797736
805027
802104
822610
812316
812322
822609
790465
791924
791922
794837
821136
794838
809406
796294
793382
794832
810867
822608
790464
818178
791921
793386
812323
793387
807943
824068
824069
789007
793381
809407
824067
790466
810868
790463
806485
791920
789006
825538
787547
807935
791925
791926
825539
790462
825537
789008
799182
789005
805028
802103
818173
812324
813784
807944
816690
800645
797735
787546
806477
821139
809398
805020
827010
810859
815235
803559
819655
807934
787548
806476
827011
827009
809397
812315
796293
822607
799181
790467
789004
806486
818172
813791
802102
786076
787545
821135
816689
813783
786075
797734
794831
800644
825536
805019
824066
815234
810858
819660
803558
828460
828461
828462
800643
827008
789009
807933
806475
822611
796292
812314
809396
787544
791919
815233
793380
810857
813792
824070
803557
799180
786074
822606
784633
802101
819654
784632
809408
816688
794830
824065
813782
804985
806442
804986
803524
806443
803525
804987
802068
804984
807900
806444
803526
807901
802069
803523
806441
807902
802070
802067
803522
807899
800610
800611
809363
804988
809364
806445
803527
802066
804983
809365
800612
800609
806440
807903
799147
800608
807898
799148
810824
802065
802071
810825
804982
809362
806446
803521
809366
806439
799149
810826
799146
804989
807904
803528
800613
799145
797700
802072
797701
810827
809367
800607
812281
809361
797699
812282
812280
807897
799150
804990
800614
797702
807905
806447
803529
810823
797698
810828
799144
802073
812283
809368
810822
796258
796259
799151
797697
797703
796257
800615
813750
813751
803520
812279
796260
812284
809360
810829
806448
796256
802064
813749
807906
813752
804991
803530
800606
794796
810821
794797
804981
809369
796261
812285
802074
797704
799152
794795
796255
794798
813753
812278
815201
799143
815202
800616
810830
815200
815203
807907
794794
804992
803519
806449
797705
813754
806438
796262
794799
802063
797696
809370
793345
793346
815204
794793
812286
807896
793347
800605
803531
812277
813748
810831
799153
793344
816657
804980
802075
796263
816658
816656
815205
796254
799142
793343
794800
813755
806450
800617
793348
816655
807908
816659
797706
791884
791885
797695
815199
804993
812287
809371
803532
799154
791886
813747
793342
815206
806437
802062
791883
802076
816660
813756
807895
818141
810832
793349
800604
813746
794801
818140
800618
796253
791887
794792
818139
791882
807909
818142
803518
799141
815198
809359
812288
790426
796264
799155
790427
793350
816661
804994
806451
809372
815207
791888
791881
797707
790428
818138
813757
818143
797694
810820
816654
793341
790429
803533
790425
819623
804979
794802
796265
816662
806436
802077
790424
810833
819621
720278
721743
718815
723215
720277
718814
721742
723216
724684
720279
721744
718816
726147
724685
723217
727614
726148
724686
729075
727615
726146
727613
730534
724683
726149
729076
723214
729074
730535
727612
730533
726145
731990
729077
727616
724682
731989
729073
720276
718813
721741
717351
717352
731991
723213
733443
730532
733442
724681
727611
731988
720275
718812
721740
730536
708578
726144
708577
712968
712969
715892
715893
723212
734911
729072
733444
714426
714427
710051
710050
733441
711512
711513
721745
734912
731992
720274
717350
718811
715891
734910
736380
714425
707119
707118
711511
720280
718817
730531
736381
731987
723218
721739
712967
733440
717349
734913
708576
710049
715890
736379
733445
737844
714424
721746
734909
737845
707117
724687
736382
705657
705656
708575
710048
737843
736378
726150
711510
739314
720281
705655
707116
723219
712966
724688
737846
739313
729078
737842
739315
740781
734914
726143
727617
718818
736383
730537
723220
739312
740780
727610
729079
726151
705654
724680
731993
731994
729071
739316
727618
742244
730538
740779
720282
721747
720273
740782
718810
721738
742243
730530
717348
723211
733446
724689
733447
729080
737847
734908
742242
731995
733439
731986
740783
730539
727619
726142
718819
704190
702737
704189
742245
743724
733448
727609
743723
702736
715889
723210
701277
743722
739317
726152
714423
724679
701276
729070
734915
731985
734916
712965
734917
707115
736377
730529
720272
718809
711509
721737
734907
708574
717347
739311
733438
742246
727608
740784
745199
715888
745200
745198
743721
705653
710047
743725
740778
724678
729069
704188
737841
702735
731984
736376
743726
726141
701275
742241
739310
734906
736384
708573
736385
720271
718808
736386
742247
745201
733437
745197
717346
726097
724634
726098
727564
727565
724635
726099
723165
726096
727566
724633
723166
723164
724636
729025
729026
729027
723167
724632
721691
727567
727563
726100
721692
730484
730485
723163
729028
726095
721693
721690
730486
724637
720226
727568
721694
730487
726101
723168
729024
720227
729029
726094
724631
727562
720228
720225
724638
721689
729023
723162
730483
730488
720229
723169
718763
727569
726102
718764
731941
721695
731940
731943
729030
731942
718765
720224
718762
724639
730489
718766
731944
720230
727561
730482
717301
729022
717302
718761
727570
729031
717303
723170
717300
733396
731945
721696
726103
733394
718767
733393
733395
730490
723161
731939
733397
717304
720231
715842
724640
717299
731946
733398
715843
721688
730481
726093
727571
723171
721697
715844
724630
715841
729032
726104
730491
718768
720223
733399
715840
720232
717305
715845
731947
731938
724641
726092
734866
714376
724629
727560
721698
714377
734865
733392
723172
718760
723160
727572
729021
718769
714375
717306
717298
729033
734867
733400
714378
726105
734868
720233
734863
734864
721687
730480
715846
734862
714374
730492
714379
727559
736335
731948
736334
717307
721699
729020
724642
720222
718770
712918
715847
712919
731937
715839
734869
736336
712917
733391
736333
733401
720234
736337
712920
718759
726091
717297
724628
723173
712916
723159
729034
737798
718771
714380
736332
736338
727573
734870
730479
714373
736331
730493
721686
712921
737799
737800
731949
711462
717308
715848
711463
720235
715838
734861
711461
737801
727558
714381
733402
726106
721700
720221
724643
733390
729019
711464
712915
714372
723174
711460
736339
718772
711465
737796
737797
730478
734871
712922
717296
715849
737795
718758
737802
717309
715837
714382
727574
712914
731950
642384
642383
643793
643792
645204
645203
642382
643791
646615
646614
645202
642381
648019
648018
646613
649434
649433
643790
648017
650863
650862
649432
645201
650861
646612
652288
652287
648016
652286
650860
649431
652285
653711
636734
653709
653710
636733
653708
639564
633906
639563
638151
655141
635322
655140
636732
633905
638150
655142
635321
640969
635320
640968
639562
633904
656565
656566
636731
638149
631078
642380
633903
632488
635319
643789
653707
640967
645200
656567
629661
631077
650859
632487
646611
639561
649430
638148
628238
629660
657996
648015
655139
642379
643788
652284
640966
628237
657997
653706
632486
633902
657995
631076
635318
656564
626814
648014
659437
628236
652283
629659
642378
645199
636730
650858
655138
649429
646610
626813
659438
657998
632485
659436
631075
628235
626812
635317
629658
659439
643787
657994
656563
650857
645198
660869
625386
633901
636729
646609
660870
626811
659435
653705
660868
652282
655137
625385
648013
625384
656562
635316
639560
649428
638147
662298
657993
662297
625383
660871
633900
662299
655143
660867
659434
662302
640965
662300
662296
636728
639559
662301
663737
663732
663734
663733
638146
663735
628234
623962
663736
660866
642377
626810
629657
631074
663731
662295
656568
665150
632484
640964
623961
665149
653712
665147
622540
665146
665145
639558
665148
625382
628233
638145
652289
663730
643786
645197
622539
642376
660872
665144
666566
666565
631073
666564
650864
646608
623960
666567
632483
626809
640963
666563
621114
650856
666569
648012
666570
635315
657999
655136
659440
660873
657992
666568
665143
629656
653704
655144
662303
666562
622538
662304
633899
649427
652281
643785
621113
625381
636727
659441
645196
663738
666571
663739
656561
642375
667993
628232
667994
639508
638095
639509
640913
640914
638096
636678
642325
642326
640915
639510
636679
638097
642327
635266
636677
643734
643735
638094
635267
636680
643736
639507
640912
633850
645145
635268
645146
642324
636676
633851
635265
639511
638098
645147
638093
640916
636681
635264
633852
642328
632435
633849
639506
632436
640911
646557
646558
643733
643737
646556
633848
636675
632437
635269
639512
638099
638092
640917
632434
645144
635263
631025
645148
636682
631026
647961
642323
642329
633853
646559
647962
647960
635270
643732
639505
640910
631027
633847
643738
639513
638100
632433
631024
629608
645143
629609
647963
645149
646555
649377
649376
646560
640918
632438
629610
633854
636683
642322
631023
642330
649375
629607
649378
635271
643731
632432
647959
643739
632439
647964
628186
628185
631028
638101
645142
633855
646554
636684
650806
628187
645150
629606
646561
649379
650805
631022
650807
631029
647965
632440
639514
647958
640919
629611
650804
638102
642331
636674
626762
628184
626761
650808
635272
636685
649374
626763
631030
628188
629605
652231
646553
643740
629612
649380
652232
652230
633856
639515
638091
650809
640920
646562
645151
652229
642332
652233
647957
632441
629613
638103
635273
636686
649373
628189
635262
626764
643741
625334
625335
647966
628183
633857
625333
653654
640909
639504
626760
653655
653653
646563
639516
652234
650803
645152
633846
640921
626765
628190
642333
653652
650810
650802
653656
635274
638104
649381
647967
643742
631031
632431
625336
642334
633858
626759
649372
628182
642321
632442
636673
652228
623914
643743
645153
639517
653657
643730
626766
625337
640922
650811
655087
636687
635261
623913
629614
652227
623915
652235
649382
653651
645154
645141
628191
635275
631032
655088
647968
640908
639503
585367
583941
583940
585366
582522
586776
582521
583939
588211
589643
586778
582524
582523
581116
585365
586777
581115
581118
581117
589644
591074
579687
579688
588210
579690
579689
591075
586775
588212
578256
591073
588209
578255
591076
592520
585368
586779
581114
592521
579686
583942
578254
592519
582520
589642
576843
576842
592522
589645
583943
589641
589646
576841
588213
593971
578253
593970
588208
588214
575420
579685
575419
581113
593972
585369
593969
576840
575418
582519
595422
591072
595421
583938
586780
589640
586781
583944
575417
595423
583945
596887
595420
596886
585364
585370
585371
592518
574002
591071
598324
596885
598323
574001
595424
583937
586774
592517
593968
576839
598322
591070
575416
578252
596888
572602
599752
599751
574000
572601
585363
592516
571187
599750
595425
572600
571186
593967
596889
598325
595419
601186
601185
575415
595426
576838
586773
573999
572599
601184
588207
578251
571185
579684
593966
595418
589639
596884
571184
602587
575414
581112
602588
576837
595417
588206
596883
602586
589638
598321
598326
572598
582518
599749
571183
591069
596890
596882
603982
578250
581111
598320
603983
603981
596891
579683
599753
599748
592515
573998
572597
571182
598319
601183
591068
582517
599747
601187
605424
605423
601182
592514
579682
605425
602589
583936
595416
573997
585362
571181
599754
602585
593965
601181
598327
581110
603984
569752
598328
572596
596881
602584
606852
606853
603980
595415
601188
606854
583935
603985
573996
593964
586772
602590
603979
568339
569751
602583
582516
605422
598318
599746
605426
596880
603978
605427
605421
603986
575413
568338
608282
566919
578249
585361
606851
608283
608281
583934
606855
586771
605420
569750
598317
599745
576836
571180
588205
601180
605428
599755
601189
632361
632360
630951
630950
633777
632362
632359
633776
633775
633778
630949
635195
629533
635194
629534
632363
635196
633774
632358
630948
633779
636607
629532
635193
630952
635192
636606
629531
636608
635197
632364
632357
630947
636605
633773
638022
636604
630953
628110
636609
638023
629530
633772
629535
628111
632356
628109
630946
638024
628108
635191
630954
633771
638020
629529
635190
638021
626687
629536
636603
639435
626685
639436
626684
626686
628107
632355
630945
639437
638025
638019
635189
629528
633780
639434
639438
635198
633770
636602
638026
625258
628105
628106
639433
636610
632354
630944
626683
625259
640841
640840
625256
625257
639439
629527
635188
626681
629537
638027
633769
640843
640842
639432
628104
635199
636601
628112
625255
626682
632365
639440
640839
636611
635187
632353
626680
630943
625253
640844
633781
638018
626688
633768
640838
638028
629526
623835
628113
625254
625252
639441
628103
640845
636600
623837
635186
623832
639431
640837
625260
626679
636612
623834
638017
623836
623838
638029
636599
622413
623831
638016
635200
640846
622410
625251
639442
642252
630955
623833
639430
642254
626689
642255
622412
642253
636598
622414
633782
622409
623830
628114
640847
638030
622415
640836
620984
625261
623839
639443
642256
632352
622411
632366
633767
626690
622416
643663
642257
639429
643664
629538
620987
620986
643662
636613
622408
620985
620983
630942
638031
643661
623840
623841
629525
640835
638015
625262
640848
643665
635201
642251
635185
640834
636614
622423
639444
623843
638013
642258
619585
620988
619584
630956
622421
638014
623845
645075
636597
623846
639428
620982
623844
635202
620989
620995
622418
622419
628102
620997
642250
622422
623842
638032
619586
622417
622420
636615
643666
622424
625250
1096848
1096847
1095461
1095460
1095462
1096846
1094082
1094083
1096849
1095459
1094081
1095463
1096850
1098226
1098225
1094080
1094084
1096845
1098224
1092720
1095458
1099627
1092721
1094079
1095464
1099626
1098227
1098223
1096851
1094085
1092722
1096844
1092718
1091340
1095457
1092719
1099628
1099625
1092717
1094078
1091341
1098222
1098221
1091342
1092723
1098228
1095465
1095456
1099624
1091338
1096843
1094086
1091339
1096852
1101042
1099629
1091343
1092716
1094077
1101041
1099630
1095466
1092724
1101039
1094087
1098220
1096853
1092715
1099623
1096842
1091337
1101040
1101043
1101044
1089987
1095455
1091344
1089989
1098229
1089986
1094076
1101038
1092714
1089988
1088629
1092725
1098230
1098219
1099622
1089985
1091345
1102429
1088631
1091336
1089990
1096841
1095467
1088630
1094088
1099621
1095454
1096854
1101045
1088632
1092713
1102428
1091335
1102426
1101037
1098218
1094075
1098231
1101036
1089991
1092726
1089984
1089983
1102427
1095468
1091334
1094089
1099631
1088627
1087282
1088633
1102430
1103833
1096855
1088628
1102424
1096840
1091346
1087284
1102425
1092712
1087283
1095453
1103830
1103832
1087285
1098217
1099632
1099620
1088634
1089992
1091333
1101046
1094074
1092727
1103831
1101035
1095469
1088626
1094090
1099633
1091332
1103828
1103834
1089982
1099619
1096856
1087286
1101047
1103829
1105250
1098232
1102423
1087280
1091347
1102431
1102432
1087281
1089981
1092711
1105247
1101034
1105249
1096839
1088635
1087287
1095452
1101048
1098216
1089980
1089993
1105248
1094073
1092728
1085927
1105245
1085930
1103827
1091331
1085929
1098233
1105251
1088625
1105246
1087279
1103835
1103836
1085928
1089979
1091348
1102422
1088624
1099618
1087288
1092710
1094091
1095470
1085926
1088636
1099634
1085931
1096857
1101033
1088623
1096838
1095451
1085932
1089978
1089994
1106657
1103826
1098215
1091330
1092729
1089977
1094072
1105252
1087278
1084567
1101049
1088622
1085925
1085924
1099635
1106659
1087289
1087277
1091349
1102421
1084565
1106656
1094092
1095471
1092709
1088637
1099617
1019295
1018054
1019294
1019296
1018055
1020526
1018053
1020527
1019297
1018056
1020525
1016813
1018052
1020528
1016812
1021741
1016811
1021742
1016814
1019293
1019298
1021740
1018057
1016810
1021743
1020524
1018051
1020529
1016815
1015556
1015554
1015553
1021739
1016809
1021744
1019292
1015555
1018058
1020523
1019299
1015557
1020530
1014310
1018050
1016816
1015552
1021738
1014311
1016808
1014309
1014308
1021745
1015551
1019291
1015558
1014312
1020522
1022956
1018059
1022957
1019300
1022953
1013071
1021737
1022955
1013072
1018049
1015550
1016817
1013073
1016807
1022958
1020531
1014313
1015559
1013070
1022954
1013074
1019290
1021746
1022952
1015549
1020521
1014307
1018060
1019301
1014314
1016818
1014306
1013069
1020532
1013075
1021736
1011831
1016806
1018048
1011832
1011833
1024183
1015560
1013068
1022959
1014305
1021747
1011830
1022951
1011834
1015548
1024186
1024182
1024185
1013076
1013067
1014315
1024187
1022960
1016819
1014304
1011835
1020533
1024184
1018061
1011829
1010617
1019302
1015561
1010616
1010618
1018047
1021748
1011828
1024181
1022950
1013077
1022961
1019289
1010619
1016805
1011836
1010615
1014303
1020520
1015547
1014316
1011827
1013066
1025396
1010620
1021735
1018062
1024188
1016820
1024180
1010614
1015562
1025395
1011837
1020534
1013078
1024189
1009386
1013065
1010613
1014302
1009388
1009387
1010621
1019303
1021749
1025398
1019288
1025399
1016804
1025394
1011826
1015546
1009389
1014317
1025397
1009385
1020519
1022962
1024190
1025392
1018063
1011838
1024179
1021734
1018046
1016821
1013064
1010622
1009390
1013079
1015563
1010612
1011825
1025393
1019304
1022949
1009391
1022963
1008140
1014301
1020535
1008139
1014318
1010623
1019287
1015545
1011839
1016803
1008141
1025400
1009384
1020518
1008138
1008137
1021750
1024178
1009383
1009392
1025401
1016822
1021733
1010611
1024191
1018045
1008142
1018064
1013063
1013080
1009382
1015564
1019305
1011824
1022948
1014300
1025402
1020536
1010624
1026613
1011840
1008143
1026616
1025391
1009393
1026611
1024192
1006920
962943
962942
962944
964241
961635
961634
964242
962941
961633
964240
960326
962945
961636
960325
964243
960327
965548
961632
960328
959038
964239
960324
965549
959039
965547
959040
966822
962940
961631
964244
957738
957737
959037
966821
965546
965550
957739
962939
959036
957736
964238
966820
956432
956431
960323
965545
966823
959041
956433
957735
968099
965551
968097
956430
961630
966819
957740
964237
968098
961637
962946
960329
956429
965544
966824
955168
955169
955167
969402
968096
959035
956434
966818
962938
969401
957741
964236
957734
960322
969399
965543
968100
955166
968095
961638
953899
966825
953900
960330
955170
962947
953898
969400
956435
959042
956428
966817
970679
962937
961629
960321
969398
970677
957742
968094
955171
970680
953901
970678
955165
956436
961639
952627
952626
970676
952625
969397
961628
959043
953897
964245
953902
952628
969403
955172
955164
953896
968101
970675
971950
951356
959034
951355
952624
971948
952629
951354
953903
960331
970681
964235
957733
962948
971949
960320
969404
951357
971951
964246
965542
971946
971947
956427
968102
973247
959033
966816
969396
952630
965552
973245
951358
950075
950074
957732
970682
950073
953895
973246
962936
952623
968093
964234
973248
950076
969405
970674
965541
973244
951353
951359
952622
974508
950077
948757
948756
950078
970683
948758
965553
948755
974509
971945
973243
968092
974511
970673
961627
974507
948759
950072
956426
974510
966826
969395
959032
966815
951352
973242
948760
971944
974506
964247
957731
968091
970672
947468
971952
947469
964233
962935
948754
947467
956425
955163
947470
947466
955173
965540
975774
969394
960319
947471
950071
973241
974505
966814
971943
966827
975775
975773
973249
950070
971953
946166
962934
946167
956437
951351
974504
903022
901722
903021
903023
901721
904340
900419
903020
901720
900418
904339
903024
901723
901724
900417
904341
904342
903025
903019
900420
901725
900421
899092
904338
899093
901719
904343
905654
905655
899091
903026
905653
900416
901718
903018
904337
897776
897777
905652
900422
901726
900415
899090
904344
897775
900423
905656
899095
901717
899096
899094
903027
905651
903017
896445
896444
896443
897779
897778
900414
901716
899089
896442
901727
900424
904345
899097
905657
899088
897774
900413
896446
901728
903028
895093
895094
905658
904336
897780
900425
904346
897781
901715
895092
899087
905659
900412
901729
903029
896447
904347
895095
895091
905650
895096
903016
896448
899098
897773
904335
893753
899086
905660
893754
899099
893752
897782
906956
906957
900426
900411
906955
906958
896441
901714
895097
897783
896440
905649
899100
893755
893756
906954
893751
906959
901730
899085
896449
903030
903015
900427
904334
904348
897784
897772
896450
892402
906960
905661
895090
892400
908277
892401
893757
895098
901731
896451
903031
892403
892404
904349
896439
906961
908278
895099
892399
899101
903014
905662
904333
908275
899084
895100
908276
908274
900428
897785
893758
891033
908279
897771
901732
892405
903032
895089
906962
908273
909595
900410
899102
904350
891032
893759
897770
906953
891034
896452
891035
905663
908272
897786
909592
897768
909593
891031
893760
908280
905648
900429
909596
897769
909594
892406
903013
899103
906963
904332
904331
893750
906952
896453
895101
891036
892407
897787
891030
897767
905646
909597
895088
889674
889675
908281
903033
904351
895102
889676
906946
896454
909598
899083
905647
906951
893761
891037
905664
897766
896438
892398
901713
901733
909591
896437
900430
893749
892408
895103
906964
900409
889677
536203
534822
536204
534823
536205
533430
537573
534824
533431
536202
534821
537574
533432
536206
537572
532088
534825
536201
533429
532089
538953
534820
538952
537571
537575
532087
533433
538954
532090
538951
533428
540318
536207
537570
538955
534826
530752
530753
540319
532092
532091
536208
533434
530751
530754
537576
540320
533427
538956
537569
530755
530750
532093
529409
529408
534827
540321
532086
537577
540317
529410
536209
529407
533435
538957
534828
536200
537568
530756
530757
540316
534819
529411
533436
529406
532094
538950
540322
528095
528094
537578
541690
540315
532095
528096
538958
529412
528093
536210
529413
530758
536199
534829
538949
534818
541691
528097
540323
528092
528098
533437
541688
541689
540314
541687
526784
537579
526783
526785
529414
532096
541686
538959
543086
541692
530759
528099
538948
532085
529405
526782
526786
543083
536211
543084
534830
543082
540324
543085
540313
541685
526781
526787
533438
543081
543087
530749
529415
528100
541693
537567
536212
544456
537580
544457
532097
525457
528091
538960
538947
543080
544455
541684
525456
526788
525458
530760
532084
544458
525455
525459
540325
533426
544460
543088
544459
534831
528101
543079
530748
525454
525460
533439
526789
529416
541694
541683
537566
536198
526780
538961
536213
537581
532098
534817
544461
530761
525461
524145
545836
543089
524144
524146
544452
540326
543078
529404
533425
526790
524143
524147
528102
541682
534832
545837
541695
529417
525462
524142
524148
544454
533440
544451
544462
545834
544449
537582
545835
537565
536197
545833
543077
538962
528090
540312
547247
534816
543090
536214
545838
530762
529403
526791
540327
544453
522819
533424
528103
525463
541681
522818
522820
547248
524149
544450
522817
541696
547245
532083
544463
282926
282925
281509
282927
281507
281508
284358
282924
281506
281510
285800
284357
280084
285799
282923
280085
284359
284360
281511
284356
282928
284355
280082
285801
280081
285802
281505
284361
278662
285798
280083
282929
285803
280086
285797
282922
278660
278659
284354
278661
287246
281504
278663
278664
285796
287245
282921
280080
281503
277247
287248
287243
284353
278658
287249
280079
287247
280087
277246
287244
278657
285795
277244
280078
288691
277248
288687
281512
275815
278656
278665
287242
277245
275814
288690
277249
275811
281513
287241
275812
281502
274379
282920
285804
275816
288689
278666
284362
288686
275813
290121
285794
287250
280088
282930
285805
277242
284352
288693
274380
284363
277243
288692
277241
274376
274377
275817
282931
281501
290120
288688
287240
280077
282919
274381
275810
290118
290124
277250
274378
280089
278655
291547
290123
275809
288685
272969
284351
290122
288684
290119
272966
291546
280076
272970
274375
272967
281514
278654
281500
274374
291549
278667
277251
285793
287239
291544
274382
290117
290116
272968
291548
275818
292975
287251
272971
288694
291545
277240
288695
285806
290115
280075
287252
272965
292974
271544
278653
284364
292978
290125
292977
288683
277239
271541
288696
275808
282918
291543
290126
285792
275819
271542
291542
282932
292972
292976
271545
292971
275807
271543
284350
294408
277238
292973
274383
291550
274373
290114
291541
287238
281499
271546
271540
275806
294411
274372
294407
294410
288682
277237
272964
294409
270108
292970
292979
272972
272963
270109
294405
270111
274371
275805
294406
270110
270112
272962
291540
295851
280074
278652
272973
271547
290113
292969
280090
270107
277252
277236
287253
285807
271539
290127
274370
272961
288697
282917
294412
295850
270113
247748
247747
246330
247749
246331
249171
247746
249170
246332
246329
249173
249172
247745
246328
249169
246327
247744
249168
246326
247750
246325
244904
247743
246333
244903
244906
246334
249167
244905
246324
247751
247742
249166
244902
243489
243487
244907
244896
243479
243490
246323
243486
244899
243482
244898
243488
244895
243481
244900
249174
247741
243478
244897
243480
244901
243484
244908
247752
243491
244894
243485
249165
243477
244893
250596
247740
250598
246322
243476
243483
249175
249164
243492
250597
244892
250595
243475
250599
246321
244909
246335
242062
252020
250594
247739
244891
249163
242065
243474
243493
242064
249176
242061
250601
244910
252019
242063
246320
250600
240650
250593
252021
242060
240649
244890
242076
247738
243494
252018
240647
243473
242075
246336
253412
240648
242066
240652
242059
242067
239242
240651
240646
242058
249162
252017
242068
252023
242074
244911
242072
242077
242078
253411
239244
244889
242069
252022
243472
247737
239241
247753
246319
239243
243495
242070
253413
240645
242073
252016
253410
242057
246318
240662
239240
249161
242071
242079
250592
240653
246337
244888
243471
239246
239247
239245
240654
240664
247736
242080
253409
240644
240661
244912
239239
240655
252015
254812
240659
240663
242056
253414
240656
254811
246317
243496
247754
250591
249160
253408
240657
240660
239238
240643
240665
243470
244887
252014
242081
247735
242055
240658
239258
243497
254813
242082
239248
253407
237834
239237
246316
239255
250590
243498
253415
250602
240642
249177
239257
244913
249159
239249
240667
240666
239253
243469
237836
242083
240668
244886
237833
239250
242054
247734
239259
237835
247755
239256
239236
239254
239251
240670
250589
237832
240641
246315
243499
249158
239252
246338
237838
101645
100363
101644
100362
102927
102925
102926
101643
102924
104201
101642
104200
102923
105480
104203
104202
106754
101641
105479
104199
106756
106755
106753
101640
108036
108035
108034
105482
105481
102922
105478
108033
106752
101639
109326
109325
102921
108032
104198
100361
100358
100359
106751
105477
99078
99081
99079
104197
108031
100360
96542
96541
97806
95283
106750
97807
99080
105476
109322
100357
95286
94030
108030
109321
95284
101638
94029
110599
95285
96544
109320
110598
94032
96540
96543
111881
97809
94031
110597
102920
111880
97805
97808
95282
111879
94028
113161
97804
96539
109323
100356
110600
101637
113160
106749
104196
111882
109319
109324
111885
95281
105475
110601
111884
108029
111883
110596
92774
92775
102919
110603
94027
110602
92773
104195
111878
108028
105474
100355
101636
106748
109318
102918
91522
92776
90268
86512
110595
89018
90267
86511
83927
105473
85226
89017
91523
87766
94026
111877
83926
92772
115668
85225
87765
114411
109317
115666
106747
116946
82625
113159
104194
82624
115667
114410
113158
108027
115665
110594
116950
83925
116947
81313
116945
118220
116948
92778
85224
89016
81312
116949
115664
87764
92777
82623
111876
113156
118219
86510
91525
90269
116944
119481
114409
80018
91524
118221
113155
113157
118224
118222
119480
80017
85223
118218
90271
115663
114408
89019
116943
89015
81311
119482
118223
113154
78746
87763
90270
119479
86509
118217
80016
114407
115662
105483
89021
116942
87767
104204
104205
89020
119483
119478
120732
118216
114406
115661
119484
116941
87769
87768
78744
119477
120731
114405
106757
118215
120730
115660
110593
105484
116940
105485
86515
120729
86514
119476
118214
101635
111875
