867788
868860
867789
866705
866706
868861
868859
869930
869929
869931
865623
867790
871006
871007
871005
866707
868862
865624
871008
869932
869928
866708
872083
865622
872082
872084
868863
867791
864543
872085
871009
869933
865625
871004
866709
873157
865621
864544
866704
873158
872086
867792
867787
873156
871010
869934
873159
872081
873155
867786
864542
865626
868864
872087
868858
873160
869927
874237
873154
864545
874236
874238
864540
864541
874235
874239
866703
871011
873161
872080
871003
873153
872088
869935
867793
874234
874240
866710
864546
875320
867785
865620
875321
865627
875319
875318
873162
874233
868865
868857
875322
874241
871012
872089
869936
867794
873152
863471
875317
866702
866711
875323
863468
874232
874242
865628
876397
873163
868866
876396
875316
864547
864539
876398
875324
863470
869926
871013
865619
863472
863469
864538
873151
863467
872090
876395
869937
876399
872079
866712
876400
875315
874243
876394
875325
871002
862394
874231
869925
873164
868867
862395
862391
867795
877472
876401
863465
872078
877471
863466
876393
877470
862393
871014
872091
877473
875314
871001
864548
877469
865629
869938
867796
862392
862389
875326
874244
866713
862390
874230
877474
865618
864537
876402
868856
862396
861326
863462
861324
863473
873165
868868
877468
876392
871015
865630
877475
871000
869939
878544
861327
875313
878545
866701
878543
875327
863464
861323
868855
877467
872092
878546
861328
876403
861325
868869
862388
867784
864549
874245
869924
867797
863463
862387
877476
878542
876391
866714
873150
878547
872077
861320
862397
861321
877466
863474
878541
873166
860265
861322
869940
867783
871016
860266
876404
867798
875328
865631
878548
877477
878540
866715
876390
861329
877465
872093
868870
874246
864550
875312
860262
860264
867782
874229
878549
878539
879617
862386
876389
879618
866700
862398
861319
876405
860267
863475
868854
873167
869941
860263
877478
868871
867799
860268
861318
862385
875329
877464
869923
866716
879616
860259
860260
873149
878550
864536
871017
865617
872076
879615
860261
863461
878538
865632
861330
879619
864551
866699
879613
879614
874247
872094
870999
877463
879620
868853
879612
864535
877479
859204
865616
863476
859205
876388
876406
863460
878551
869922
862399
859203
878537
859201
860269
873168
860249
874228
859191
869942
866698
875330
860250
868872
867800
860258
879611
861310
858135
862378
858136
865633
857101
866717
875311
859202
864534
867781
865615
861317
859190
858149
860251
870998
871018
859189
863459
860257
858150
878536
868852
880685
879621
879622
861331
862384
859206
880688
858148
880687
864552
874248
859198
877480
877462
858146
859199
880689
878552
856060
856059
880686
859197
859200
860256
863477
872095
876407
861316
873148
880684
859188
861311
869921
859207
856058
857100
858134
859196
862377
880683
856057
858147
872075
866697
863457
861309
862383
864533
865614
864530
879623
860270
879610
862400
857104
863458
857114
858143
867780
862380
858144
858151
859195
857115
873169
858139
863455
867778
862379
875331
858142
857113
858145
857111
870997
862381
881757
880690
868873
878535
879624
868851
869943
858141
880682
867801
879609
861312
868850
857102
858137
878553
858152
860248
881756
865634
857099
877481
866718
861313
859194
880691
857103
857112
855022
863454
855021
864553
871019
861332
862376
858138
859192
858140
874249
868849
865612
864531
856056
859208
876408
857109
869920
872074
865611
864532
855020
881755
879625
866696
863456
880681
865613
861308
857107
866695
857116
857110
860252
859187
858133
767551
766466
767550
767552
766465
768631
766467
768630
765365
767549
767553
765364
768629
765366
768632
766464
766468
769712
765367
769714
768633
764285
765363
769715
767548
769713
764286
768628
766463
764284
767554
766469
764287
769711
770776
765362
765368
770774
770775
767547
769716
768627
764288
764283
766462
763205
770773
768634
767555
763206
766470
763207
769710
770777
765369
769717
763204
770778
763208
768635
770772
771829
764289
771828
771831
764282
768626
762121
771830
765361
762122
769718
769709
763203
762120
763209
767546
767556
766471
770771
762123
765370
771827
764281
770779
771832
763202
772903
772902
772905
762119
771833
764290
772904
768625
766461
768636
762124
771826
769708
770780
767545
761039
772901
765360
761038
769719
763210
770770
761040
772906
773966
773965
762118
766472
772907
767557
761037
764291
773968
763201
761036
762125
764280
765371
772900
766460
773967
761041
768637
771834
768624
771825
762117
769707
765359
773964
763211
759957
759955
759956
770769
759958
773969
771835
770781
762116
761035
773970
767544
773963
772899
766473
767558
772908
761042
765372
769720
766459
762126
759959
759954
761034
771824
775029
759953
763200
764292
765358
775030
764279
772909
769706
770782
768623
758869
768638
775032
761033
758867
773962
763212
775031
758866
758870
758868
761043
775028
770768
772898
759960
773971
762115
763199
775027
771836
759952
771823
758871
762127
764278
764293
773972
775033
758865
767543
776121
767559
766458
773961
759951
769705
758864
763213
762114
772897
757791
758872
772910
775026
776120
759961
757789
761032
765357
757792
763198
761044
757788
757790
770767
766474
768622
770783
776118
765373
758863
757793
762128
768639
776119
775034
771822
769721
776123
775025
773960
776124
776122
767542
757787
761031
771837
775035
766457
758873
776117
759950
757794
757786
772896
764277
765356
759962
756705
769704
766475
756706
756703
767560
770766
756702
756704
761045
777179
758862
762113
768621
769722
757785
772911
771838
775024
756707
777177
773973
759949
763197
771821
773959
777176
777178
776116
777180
767541
765374
756701
766456
775036
759963
764276
764294
756708
757795
768640
761030
772895
756700
773974
765355
776125
758874
777175
759948
763214
757784
755596
777181
777182
755597
775023
755594
770765
758861
763196
755593
776126
756699
755595
768620
770784
776115
769703
755598
762129
773958
756709
771820
762112
766476
776127
772912
765375
767540
767561
757783
777174
764275
766455
769723
755592
758875
757796
755599
758860
775037
772894
765354
777183
755591
778225
754478
754476
756698
754477
770785
776114
775022
754479
763195
761029
773975
759947
764295
778223
755590
761046
762111
768619
778226
778224
768641
754475
754480
777173
773957
770764
755600
769702
763215
754474
756697
771819
769724
767539
764274
757782
754473
766454
762130
778228
778222
754481
757797
778227
777184
761028
756710
753348
772893
765353
753346
776113
753347
758859
775021
766477
755589
765376
775038
767562
762110
777185
777172
753349
755601
771839
753345
779293
768642
759964
754472
753344
779294
779296
778221
776128
773956
768618
753350
770763
778229
769701
755588
763194
759946
756711
756696
770786
779295
778220
761047
771818
761027
754471
767538
758858
772913
779292
764296
754482
753343
757781
758876
766453
779297
776112
753351
763216
777171
762109
752183
772892
775020
752184
753342
764273
752182
769725
752181
754470
762131
752185
780351
779291
759945
778219
778230
755602
765352
780352
775039
780354
753341
773955
779298
752180
763193
779299
758857
714665
714664
713508
715810
715809
713507
713509
712361
714663
716957
712360
716958
712362
715808
713506
714666
716956
712359
711219
715811
711218
711220
714667
718131
713510
715812
718130
718132
711217
718133
714662
715807
710055
710054
713505
719290
710053
712363
716955
716959
718129
719289
719291
714668
716960
711221
715806
715813
710052
716954
719288
708896
712358
708897
720459
713511
714661
720458
710056
718128
720460
712364
708895
711216
708894
720457
716961
718134
714669
719287
708898
713504
714660
715805
715814
707747
718127
716953
707748
719292
707746
712357
721645
711222
707745
721646
719293
713512
721644
720456
719286
707744
712365
721647
710057
711215
708899
710051
706589
718135
720461
706588
716962
707749
721643
720455
720462
706590
713503
706587
710050
722813
719294
708893
711223
706586
722814
712356
721642
722815
718126
705422
722812
715804
710058
705423
716952
711214
705421
719285
722816
718136
722817
720463
706591
707743
708900
707750
723985
721648
722811
705424
710049
714659
718125
720454
708892
721649
719295
716951
721641
723984
723986
719284
704265
704264
705425
706592
704263
723987
706585
705420
715803
722810
720464
723983
707742
720453
714670
713502
718124
705419
723988
721640
723989
712355
704266
719283
708891
705426
703083
703084
723982
714658
711213
703082
706584
713513
725154
720452
716950
725153
722809
704262
721650
704267
715815
705418
707741
725152
704261
716963
703085
721639
715802
723981
714671
722818
713501
725151
703081
712366
701901
722808
701902
712354
701900
704268
725156
706583
710048
718123
725155
704260
705417
711212
714657
726319
703080
719282
723980
725150
726320
713500
703086
701903
708890
726321
715816
704259
726317
712353
710047
718137
720451
721638
726318
701899
711224
707751
700714
700715
711211
710059
725149
701904
721651
700713
716949
703079
725157
707740
713514
712367
703087
726316
722807
708901
701898
706593
722819
700716
703078
723979
727501
715801
716964
701905
719281
714656
706582
708889
714672
725148
725158
705416
726315
723990
719296
721637
700717
699520
720450
715817
718122
710046
699519
701897
727502
722806
699521
726322
711225
707752
723978
700712
706581
700711
707739
720465
701896
722820
715800
708888
716948
708902
713499
726314
700718
713515
705427
699518
704258
725147
726323
699522
727500
712352
718138
723991
718121
703077
722805
723977
700710
705415
727503
711210
699517
716965
719280
710060
698328
698327
704269
714655
721636
719297
698329
706594
713498
727504
727499
716947
720449
726313
700709
712368
726324
712351
727498
699523
706580
725146
705414
699516
698326
707738
720466
705428
727505
704257
701895
711209
703088
728686
708903
728687
698325
715799
703076
714654
728684
723976
710045
707753
722804
727497
726312
697132
697131
718139
699524
711226
697133
698330
704256
728685
698324
710061
701906
706595
703075
708887
721635
697130
719298
728683
725145
723992
713497
699515
701894
716946
710044
727496
718120
698331
697129
704270
712350
723975
721634
719279
722803
728688
699514
697128
700708
700719
711208
720448
726311
728682
701893
698323
715798
695909
729863
728689
721652
695910
701907
703089
725144
698332
706579
695908
700707
695911
697134
729865
705429
727495
707737
729862
725159
718119
729866
720467
728681
719278
695912
695907
708886
723974
728690
721633
722802
697127
699513
729864
714653
720447
698322
704255
704271
726310
705413
700706
700720
697135
703074
713496
715797
710043
716945
707736
729861
727506
712349
728680
725143
694697
699525
727494
698321
694698
708885
718118
641653
642906
641652
640406
640405
642905
641654
644152
639159
641651
644151
640404
642907
639158
642904
640407
644150
639157
641650
641655
642903
640403
645394
642908
637896
644153
645395
645393
644149
637897
639156
637895
639160
640408
645396
642902
640402
637894
646647
645392
641649
646648
644154
636642
644148
646646
639155
636641
636640
642909
639161
646649
646645
636639
637893
644155
645391
645397
641656
642901
640409
640401
647902
641648
647903
635389
639162
644147
635388
647901
639154
635387
645398
646644
636638
637898
646650
635386
647900
647904
645390
637892
649161
642900
649160
641647
640400
644146
635385
647899
646643
636637
649159
647905
634124
639153
637899
649158
646651
649162
645389
634123
637891
636643
634125
635384
647898
634122
649157
646642
641646
642899
636636
640399
644145
649163
650424
647906
635390
634126
639152
650423
650425
645388
637900
650422
637890
636644
641657
634121
649156
632869
647897
645399
642910
635383
646641
632870
649164
650421
636635
644156
641645
635391
632868
642898
640398
632871
644144
650426
639151
634120
649155
651679
651681
645387
651680
647896
651678
637889
632867
650427
650420
635382
632872
636645
631617
646640
646652
651677
636634
642911
635392
632866
640410
634119
649154
634127
642897
631618
631616
650419
639163
651682
644157
644143
641644
650428
639150
647895
640397
651676
635381
647907
645386
631619
652933
637888
631615
649165
645400
652932
652931
652934
646639
632865
636633
651683
631620
650418
649153
631614
651675
652930
634118
646653
642896
647894
644142
641643
639149
640396
641658
632873
645385
635380
652929
647908
632864
650417
637887
631613
652935
634128
651684
651674
654190
646638
634117
649152
654188
654189
636632
654187
630354
652928
642912
630353
654191
630355
640411
649166
647893
635379
652936
646654
644158
630352
644141
641642
631612
642895
639148
650429
640395
632863
654186
645384
650416
651673
645401
637886
634129
652927
637901
641659
634116
649151
629106
655445
647909
646637
630357
655444
655442
630351
632874
654185
630356
655443
636631
629105
655441
634130
639164
654192
652937
631611
647892
635378
629104
629103
632862
651672
652926
649167
650415
630358
631621
655440
644140
641641
642894
629102
640412
640394
650430
654184
631622
630350
645383
639147
634115
649150
637885
656698
654193
636646
651685
646636
656700
656699
655439
632875
656697
631610
636630
629101
656696
655446
651671
630359
635393
627854
627852
654183
629107
647891
632861
632876
635377
652925
650414
627853
639165
627850
630349
629100
656695
655438
631623
644139
635394
641640
654194
642893
627851
640393
645382
650431
634114
649149
655447
639146
637884
629108
637902
651686
656694
627849
631609
646635
651670
636647
656701
636629
655437
652924
654182
629099
626582
630348
632860
652938
626584
647890
650413
657947
657949
635376
657948
656693
655448
629109
636648
627848
626585
626583
631624
657946
626581
627855
644138
657950
642892
657945
656702
640392
634113
649148
645381
652923
626580
639145
641639
631608
654181
637883
629098
627847
655436
630347
651669
646634
651687
656692
657944
636628
627856
632859
627857
652939
630360
647889
650412
635375
656703
626586
657951
635395
657943
659178
642891
659179
644137
655435
629097
654195
659182
659181
634112
641638
631607
649147
640391
652922
659180
656691
645380
630346
627846
654180
639144
637903
651668
659177
637882
626587
646633
657942
632858
636627
634131
626579
659176
650411
652940
646655
627845
637904
647888
649168
629096
656690
635374
630345
636649
644159
655434
626588
640366
639119
641613
637857
640365
642866
636602
639118
641612
637856
644112
642865
644113
635349
645356
636601
642867
646609
645355
645357
641611
634086
641614
644114
644111
640364
639117
646610
635348
642868
637855
647864
642864
640367
645354
636603
639120
646608
641615
634085
644110
647865
637858
647863
649122
646607
649123
632832
632833
634087
635350
636600
647862
630319
649124
650386
645353
635347
640368
650387
631580
631581
639121
630320
637859
646606
650388
634084
649121
630318
636604
629069
651642
651643
632834
629070
647861
649120
635351
631582
651644
650385
630321
634088
652895
632835
627817
650384
652896
627818
629071
631583
651641
645358
649119
627819
647866
646611
644115
654152
626548
654153
626549
650383
652894
651640
649125
645359
642869
626550
646612
655406
650389
655407
652897
651645
647867
652893
654151
651639
644116
626551
625294
656661
650390
649126
641616
637854
656662
654150
625295
655405
645360
652898
641617
654154
642870
652892
651646
646613
624038
655404
654149
639116
624037
647868
640363
626552
649118
641610
645352
630322
625296
629072
647860
652899
642863
656660
627820
622781
646605
624039
642871
654155
655408
644117
656659
622782
655403
640369
639122
637860
636605
641618
625297
644109
655409
650382
654156
656663
624040
622783
656658
649117
656657
640370
627821
626553
639123
657917
647859
651638
659149
637861
656664
646604
622785
650381
621555
622784
635352
650391
656656
657916
655410
645351
652891
634089
649127
621556
659148
651637
651647
622786
639124
660384
629073
631584
636606
647869
630323
620327
656665
621557
632836
635353
654148
659147
637853
645361
652900
649116
655402
652890
646614
620328
657915
640371
637852
634090
647858
656655
660383
649128
637862
651648
650380
622787
644118
631585
620329
621558
636607
650392
654147
624041
660382
632837
635354
652889
625298
651636
645362
654157
620330
646615
634091
641619
642872
619086
647870
649129
655401
639115
651649
619087
652901
654146
644119
639114
650393
642862
619088
644108
654158
642861
626554
624042
656654
645363
655411
617861
659146
644107
655400
640362
646616
641620
642873
657914
617862
641609
622788
621559
656653
647871
652902
640361
641608
620331
642874
657913
656666
644120
640372
617863
619089
656652
654159
659145
660381
625299
655412
640373
629074
652888
621560
622789
630324
641621
620332
657912
626555
656667
639125
627822
617864
660379
619090
661611
655399
637863
654145
660380
656651
659144
639126
636608
651635
655413
662825
637864
655398
654144
660378
661610
652887
640374
621561
620333
630325
651650
655397
654143
649130
619091
657911
652886
617865
660377
627823
632838
650394
652903
629075
656650
635355
657910
661609
639127
646603
631586
662824
637865
624043
634092
659143
649115
617866
644121
656649
645364
655396
660376
651651
646617
645350
649131
627824
659142
650379
647872
636609
625300
632839
645349
654160
629076
661608
650395
619092
657909
635356
642875
646602
636610
630326
622790
631587
654142
659141
624044
620334
634093
662823
647857
651634
644122
652904
626556
645365
651652
646618
617867
650378
641622
625301
647873
621562
654161
632840
655414
645348
652905
650396
649114
635357
655395
619093
622791
642876
631588
624045
634094
649132
626557
640375
620335
644123
645366
646619
625302
621563
660375
664040
655415
617868
646601
641623
654162
665271
647874
647856
659140
622792
655394
642877
652885
664039
639128
665270
617869
667716
654141
637866
661607
616635
630327
626558
666494
615404
656648
657908
640376
627825
662822
660374
655416
654140
629077
692234
691023
693444
694649
689808
693445
692233
695861
688593
691022
687386
688592
686181
694650
689807
687385
686180
695862
697082
684961
697081
688591
698278
699469
698277
697083
683743
687384
684962
699470
684960
686179
692232
695860
683744
700663
693443
682528
700664
694648
682529
698279
681295
701851
697080
701850
683742
689809
695859
681294
681296
699468
698276
680066
703033
700665
688594
691024
699471
684959
703032
687387
700662
682530
701852
680067
704214
682527
678837
692235
686182
704213
701849
703034
693442
678838
683741
704215
705372
694647
683745
684963
697079
691025
703031
677597
705371
699467
706538
689810
678839
695858
687388
677598
705373
698275
677596
693446
692236
680065
682526
688595
700661
704212
707696
706537
706539
681293
681292
676371
676372
694651
707697
695863
678836
701848
689806
691021
686183
688590
694646
676370
705370
708846
689811
703030
677595
708847
697084
675140
680064
677599
692231
710004
675139
691026
676373
710005
692230
707695
704211
693441
678835
675141
706536
694652
693447
695864
681297
698280
692237
675138
673896
705369
711169
711170
677594
676374
703035
673897
680068
675142
691020
701853
708845
673893
677600
704216
699472
707694
672653
673898
700666
712312
673895
712311
672654
706540
705374
680069
697085
681298
678840
687383
694653
706535
689805
698281
672655
710006
708844
707698
682531
708848
671407
710003
713459
673894
713458
671408
683746
707693
701854
695865
693448
711171
699473
671409
684964
703036
672652
700667
710007
670171
678841
680070
704217
681299
670172
673899
707699
708849
697086
706541
712313
698282
714617
705375
711172
670173
708843
672656
682532
713460
672651
711168
671406
670174
714616
701855
688596
683747
686178
676375
714618
671410
710002
715762
675143
712314
703037
699474
684965
668945
700668
708850
710008
686184
677601
670175
707700
715763
704218
711173
713462
670170
668946
706542
712310
714619
714615
705376
713461
711167
716910
687389
675144
672657
671411
668947
699466
673900
712315
716911
715764
670176
715761
682533
677602
676376
700660
667717
683748
688597
703029
668948
716912
667718
687390
718085
713457
701847
710001
715760
684966
718084
689812
718086
712309
688589
687382
667719
676377
678842
686177
684958
671405
675145
680071
716909
691027
711166
681300
719244
704210
719245
686185
719243
677603
670169
666495
692238
683740
705368
712308
688598
668949
713456
680072
682525
666496
718087
714620
716908
687391
714614
670177
667720
681301
718083
689813
714613
715765
720414
720413
713463
706534
673901
666497
678843
693449
710009
715759
719246
672658
718082
716913
720412
715758
718081
697078
671412
715757
718088
719242
691028
667721
714612
672650
715756
665272
680073
711174
666498
698274
668950
713464
703038
686186
719241
713455
716905
695866
720415
694654
714621
697087
719240
681302
684957
698283
695857
719247
708851
665273
721600
721601
715766
716907
716904
673902
721599
670178
678844
716906
672659
721602
712316
692239
716914
682534
671413
673892
707692
718089
720411
665274
720410
720409
680063
721603
721598
721597
721596
689814
666499
683749
718079
720416
719248
675146
671404
672649
676378
683739
718078
722768
708842
722770
722769
707701
677604
665275
718080
722771
673903
664041
713452
672660
684967
664042
722767
713454
722766
666500
671414
710010
721604
694645
682535
706543
722772
670168
671403
713453
722765
664043
704219
712305
712317
720417
710000
711165
699475
678834
665276
667722
712307
673891
668951
711175
673890
700669
664044
683750
705377
699465
675147
722773
711164
743965
742788
743966
742789
741601
741602
742790
741603
743967
747496
748654
746326
749826
745140
750984
746327
747497
754431
736863
745141
734493
755549
748655
752138
749827
735679
750985
746328
756658
754430
754429
753302
745142
747498
755548
735680
734494
736864
755547
757744
752139
754432
748656
738052
749828
756657
756656
755550
739237
753303
758823
740424
756659
757745
750986
754433
759911
757743
729776
734495
757742
735681
728595
758824
743968
760993
728594
742791
752140
727409
756660
741604
739238
755551
759912
727410
736865
738053
757746
760994
753304
729777
758825
740425
759913
730957
745143
754434
760995
756661
764242
728596
738054
755552
743969
742792
757747
741605
746329
739239
765323
732142
765322
727411
733323
729778
747499
723898
766424
765321
745144
730958
722725
766423
740426
725066
726235
722726
742793
727412
723899
746330
732143
721556
767509
733324
767508
723897
725067
722727
743970
726236
721557
748657
727413
747500
741606
730959
720372
721558
768589
722728
768588
765324
768590
720373
749829
750987
734496
725068
721559
768591
732144
720374
728597
726237
745145
766425
769672
769671
736866
727414
769673
767510
752141
723900
720375
729779
753305
735682
730960
733325
769674
770734
770733
770735
758826
748658
749830
765325
766426
728598
729780
730961
764241
770736
723901
771789
771788
771787
734497
767511
768587
722729
771790
759914
762078
735683
721560
728599
768586
767507
769670
760996
771791
729781
763163
756662
766422
772863
736867
772862
750988
764240
772861
757748
722730
738055
769669
772864
754435
725069
770732
720376
723902
755553
771786
758827
730962
772865
771792
770731
739240
726238
768585
773926
762079
758822
773925
721561
765320
752142
773924
759915
772860
764243
771785
758821
753306
734498
773927
766421
769668
772866
725070
740427
763164
767506
727415
735684
773928
756663
770730
772859
720377
773923
726239
774990
774988
757749
774989
774991
754436
773922
760997
774992
773929
738056
755554
759910
774987
732145
759909
766420
762080
764244
774993
727416
774986
767505
732146
776082
776080
763165
760992
776081
765319
776079
725071
776083
720378
760991
776084
776078
764245
718046
719208
733326
776077
723903
726240
771784
720379
716884
721562
777140
718047
719209
777141
777137
777138
777139
715737
772858
716881
777142
722731
768584
770729
728600
774994
716885
777136
742794
727417
739241
718048
729782
769667
719210
741607
746331
777135
776085
773921
720380
716882
723904
715738
714590
730963
774985
722732
771783
743971
762077
778184
778187
778188
716886
778185
772857
778186
778189
777143
716883
762076
714591
778183
778190
771793
747501
776086
721563
728601
715739
713437
772867
778182
770737
773920
768583
729783
774984
776076
745146
718049
778191
740428
769666
778181
722733
777144
719211
721564
714592
771782
765326
713438
770728
769675
749831
748659
750989
768592
757741
752143
776075
779258
773930
779260
779257
779259
779254
779255
779253
777134
774995
779256
715740
772856
723905
778192
759908
746332
763162
779252
779261
725072
779251
769665
763161
767504
720381
774983
716887
714593
758820
773919
713439
718050
770727
757750
780312
719212
780313
733327
767512
743972
780310
760990
758828
780309
764246
768582
780311
753307
779262
742795
777133
771794
776074
766427
780318
754437
720382
772868
766419
747502
728602
713440
741608
780314
759916
726241
780319
780315
778180
773931
763166
756664
770738
780316
727418
769676
719213
715741
760998
780317
716888
768593
780308
780320
736868
725073
718051
781361
781360
781359
762081
837546
838530
836557
839523
835579
838529
840538
836556
834614
837545
839522
841548
833646
840537
835578
834613
838528
832692
842562
833645
839521
836555
835577
837544
841547
832691
831732
842561
840536
843618
837547
840539
836558
834615
841549
834612
831731
835580
833644
830763
843617
839524
838531
842563
844663
833647
840540
830762
837548
831733
841546
843619
841550
836559
844662
829800
831730
832693
842564
832690
845700
835581
839525
838532
844664
842560
829799
830764
829801
845699
843620
830761
845701
834616
840541
841551
846745
828839
831734
836560
843616
844665
846746
842565
830765
833648
845702
844661
829798
846744
839526
829802
845698
838533
843621
828840
837549
828837
832694
834617
847767
846747
845703
844666
847768
835582
833649
846743
827871
846748
828841
847769
830766
831735
848782
829803
832695
848783
848784
826909
827872
847766
841552
825952
849814
849815
825951
849816
825953
826910
840542
839527
848781
847770
846749
849813
838534
825954
842566
837550
827870
824980
836561
824978
850838
824979
850837
844667
848785
850836
835583
847765
845704
849812
826908
850835
834618
843622
848780
835584
840543
839528
841553
828838
849817
824056
845705
842567
851862
843623
847771
850839
846750
836562
844668
851861
824054
850834
824055
848786
828842
851863
829804
838535
830767
851860
834619
837551
833650
852899
827869
831736
849818
851864
852900
850840
833651
827873
824981
823134
832696
831737
852898
828843
847764
847772
832697
829805
848779
824057
840544
841554
825955
849811
853940
830768
823133
852901
826911
826907
824982
823135
852897
853941
853939
827874
828836
845706
824058
831738
822214
835585
850833
846751
828844
842568
848787
839529
822215
847773
853938
854969
823136
843624
829806
838536
844669
826912
837552
830769
822213
854970
850841
841555
840545
823131
842569
823132
839530
849819
854968
836563
827868
827875
834621
825956
821312
837553
853937
824983
849820
845707
821311
851865
836564
820410
822216
854967
852902
856007
824059
848788
834620
846752
847774
856008
835586
820411
853942
826913
843625
851866
850842
836565
838537
856006
844670
833652
821310
821313
848789
846753
822211
822212
835587
841556
840546
826906
842570
820412
839531
843626
850843
857050
819487
828845
833653
838538
832698
852903
849821
856005
834622
857051
854971
837554
853943
829807
845708
857052
819488
851867
852904
830770
854972
856009
853944
857053
819489
856004
844671
831739
818579
823137
821308
821309
857049
841557
835588
840547
818580
828846
825957
820413
857054
856010
824984
839532
826914
832699
831740
854973
833654
824060
827876
858088
834623
829808
837555
818581
850844
825958
841558
835589
840548
832700
836566
822217
830771
858089
857048
833655
827877
819490
857055
849822
823138
847775
834624
820414
852905
856011
842571
843627
851868
821314
822218
818582
848790
838539
827878
836567
845709
833656
858090
824985
824061
826915
847776
828847
846754
819491
842572
834625
859143
853945
851869
817662
831741
839533
829809
848791
838540
850845
824986
825959
820415
818583
836568
859144
833657
826916
837556
817663
823139
846755
844672
821315
853946
832701
859145
841559
852906
842573
835590
830772
849823
840549
834626
854974
822219
839534
829810
856012
819492
838541
850846
836569
843628
817664
823140
837557
844673
818584
824062
857056
832702
830773
853947
858091
852907
854975
845710
841560
835591
840550
816710
851870
847777
828848
860204
843629
817665
824987
831742
821316
824063
816711
857057
825960
848792
858092
837558
832703
830774
859146
854976
860205
860206
819493
646847
648102
646846
646848
645594
648101
648103
645593
645595
646849
646845
648100
648104
645592
645596
649361
646844
649362
646850
649360
648099
648105
645591
649359
649358
645597
649363
650626
644350
650624
650625
644351
644353
650623
646843
644352
648098
645590
648106
649357
650627
646851
645598
649364
650622
644354
651882
650628
651881
651880
649356
643107
648097
650621
646842
651883
645589
643106
651879
644349
644355
644348
651884
649355
646852
651878
643108
649365
643105
648107
653136
650620
653135
648096
646841
645599
651877
643104
650619
653137
645588
643109
649354
650629
654392
644347
654393
653134
641855
653133
651875
644356
641854
651876
650618
651885
646853
648095
645600
643103
641853
648108
644346
654394
646840
643102
645587
649353
653131
655647
641852
655646
653138
653132
651874
643110
644345
649366
650617
653130
641856
654391
655648
654390
648094
653128
646839
645586
641851
641850
650630
643101
644357
649352
655645
654389
654395
653129
644344
646854
645601
654387
656902
651873
656901
643100
654388
650616
641857
651886
655644
653127
654386
641849
643111
648109
643099
646838
644358
645585
640608
643098
655649
654385
648093
644343
651872
656903
653139
649351
641848
649367
655642
653126
654396
654384
658151
658152
655643
641847
650631
650615
640609
644342
655640
655641
640606
643097
655639
643112
641845
641858
651887
641846
656900
646837
640607
655638
658153
651871
655650
648092
649368
653125
639362
654383
649350
645584
640605
640610
639361
659383
650632
659384
653140
643096
639360
641844
650614
656899
654382
639358
641859
639363
655637
651888
644341
656904
638099
639359
654397
646836
653124
651870
656897
648091
638098
645583
655651
649349
641843
658150
653141
638096
659385
658149
643095
638100
656894
660618
656898
660619
656896
638097
658148
654381
640603
655636
640611
650613
640602
640604
641842
648110
644340
654398
656895
638101
656905
653123
655652
656893
639356
640598
639364
639355
639357
659382
651869
648090
646835
645582
643094
656892
660620
645602
646855
649348
640612
658147
661828
655635
661829
641841
640601
638094
640597
640596
638102
638095
658144
650612
644339
656906
659381
640600
658146
639365
654380
636844
659380
639354
639350
656891
640599
661830
639351
651868
639353
640613
643093
659379
648089
658143
658145
646834
645581
640595
638103
636845
653122
638093
636841
649347
639352
638092
660617
660616
639349
663043
636842
639366
638089
638091
663042
655634
639348
644338
641840
650611
654379
656890
644359
636846
661827
658142
636843
659376
638090
643113
663044
648111
640594
638087
638088
638104
658141
659378
643092
649369
635591
641860
651867
660615
648088
646833
653121
645580
661826
639347
663041
636847
659375
664275
649346
659377
661825
655633
636839
635592
641839
664274
638086
636840
635588
664276
643114
640593
650610
658140
663040
635589
644337
641861
659374
656889
654378
643091
636848
660614
635593
664273
635590
659373
651866
640614
638085
653120
646856
646832
636838
664277
648087
660613
663039
645579
649345
655632
641838
639346
640592
639367
636832
665499
635594
665500
650609
636835
636833
636849
661824
665498
644336
656888
635586
634329
664272
659372
635587
638084
634325
654377
645603
638105
636834
658139
665501
636831
636837
634328
661823
634326
660611
643090
635595
636836
651865
653119
639345
634330
660612
640591
648086
646831
645578
634327
665497
661822
649344
666723
635585
663038
635584
636830
638083
641837
640615
660610
660609
635583
655631
650608
644360
658138
666722
634331
635580
665502
635596
663037
1091677
1092533
1091676
1091678
1092532
1092534
1093379
1091675
1091679
1093378
1093380
1092531
1092535
1090809
1090810
1090808
1093381
1093377
1090811
1094237
1091680
1090807
1094236
1092530
1092536
1094238
1091674
1094235
1093382
1093376
1094239
1090812
1090806
1091673
1091681
1092529
1092537
1094234
1095095
1095094
1094240
1095096
1093383
1093375
1090813
1095093
1089944
1089948
1089945
1090805
1095097
1089943
1094233
1089946
1091672
1095092
1094241
1089942
1092528
1090814
1092538
1091682
1095098
1089949
1089947
1093374
1093384
1095938
1095937
1095939
1095099
1089941
1090804
1094232
1095091
1095936
1094242
1095940
1096678
1091671
1096677
1095935
1092527
1090815
1096679
1095090
1092539
1091683
1089939
1089950
1089940
1096676
1095941
1095100
1093373
1093385
1089084
1095942
1096680
1088236
1094231
1090803
1095934
1096675
1094243
1089086
1096681
1095943
1089085
1089081
1089082
1088233
1089087
1096682
1088234
1095089
1088237
1089080
1091670
1088232
1095101
1089083
1096674
1092526
1090816
1089938
1088235
1092540
1091684
1089077
1095933
1089951
1089079
1093372
1088229
1093386
1088231
1096683
1094230
1090802
1094244
1095932
1088238
1095944
1087376
1088239
1089078
1096673
1088230
1089088
1089076
1095088
1088228
1095102
1091685
1087377
1088240
1090817
1096672
1087373
1087374
1091669
1092541
1096684
1087372
1087375
1089952
1092525
1095931
1094229
1095945
1093387
1090801
1087379
1087371
1086495
1089075
1087378
1093371
1089937
1088227
1095087
1086496
1096671
1087370
1089936
1096685
1091686
1089089
1086497
1091668
1094245
1087380
1095930
1090818
1087369
1088241
1092524
1089074
1094228
1086493
1086494
1086499
1088226
1090800
1085612
1092542
1086492
1093370
1087381
1089953
1086498
1096670
1085609
1095086
1095103
1086491
1085610
1087368
1089935
1085613
1085611
1086490
1089090
1086500
1095929
1089073
1088242
1091667
1093388
1090819
1088225
1095946
1086501
1091687
1092523
1084713
1086489
1085615
1087367
1085614
1090799
1096669
1094227
1093369
1089954
1094246
1084714
1085608
1095085
1085607
1083817
1087382
1092543
1089934
1096686
1086488
1084710
1084711
1085606
1084712
1095928
1084715
1089072
1083818
1086502
1095104
1087366
1088224
1085616
1085605
1091666
1082919
1083815
1092522
1083816
1096668
1089091
1083819
1090798
1086487
1084716
1094226
1093368
1088243
1082920
1085604
1095084
1087383
1093389
1082917
1082918
1087365
1089933
1085617
1083820
1095927
1087364
1082921
1089071
1086503
1086485
1084709
1088223
1084718
1085603
1084717
1094247
1086486
1084708
1083814
1091665
1096667
1083813
1085601
1095947
1089092
1092521
1082922
1083821
1090820
1084707
1083822
1083812
1090797
1094225
1093367
1085602
1095105
1082916
1091688
1082915
1085618
1083811
1084719
1086484
1084706
1095083
1082914
1089932
1089070
1082923
1088222
1082924
1095926
1096687
1085600
1084720
1087384
1083810
1082913
1081998
1083823
1084705
1086504
1081999
1091664
1096666
1092520
1082912
1087363
1083824
1083809
1082000
1082002
1085619
1090796
1094224
1093366
1088244
1086483
1092544
1082925
1089955
1085599
1084704
1095082
1082001
1089069
1082911
1095948
1084721
1089931
1081997
1088221
1081996
1095925
1087385
1082926
1083808
1081995
1082003
1090821
1081074
1084702
1086505
1081994
1091689
1083825
1084703
1087362
1081075
1082910
1096665
1083806
1091663
1081993
1085620
1081072
1088245
1092519
1096688
1085598
1083807
1082004
1089956
1081073
1094223
1090795
1093365
1081076
1082908
1081992
1084722
1084701
1082927
1089068
1095081
1082909
1088220
1089930
1095924
1083805
1083826
1082005
1081077
1086482
1089093
1087361
1081071
1092545
1081070
1082006
1085597
1096664
1081069
1082907
1087386
1091662
1093364
1084700
1081068
1092518
1086506
1081990
1082928
1090822
1084723
1094222
1081078
1090794
1093390
1081067
1085621
1083804
1089067
1091690
1088219
1095080
1089929
1095923
1088246
1082007
1083827
1081991
1086481
1081066
1089094
1081989
1080152
1087360
1089957
1081079
1081080
1096663
1087387
1080153
1081065
1082929
1093391
1086507
1091661
1080149
1079218
1092517
1081988
1080150
1085622
1080154
1094221
1027805
1026748
1027806
1028868
1026749
1028867
1027804
1028869
1026747
1025691
1027807
1029912
1025692
1028866
1026750
1027803
1029913
1028870
1029911
1025693
1029914
1025690
1024634
1030959
1027808
1030958
1028865
1024635
1026746
1030960
1029915
1025689
1030957
1027802
1028871
1029910
1026751
1024636
1029916
1025694
1023575
1030961
1023576
1024633
1026745
1030956
1027809
1028864
1028872
1023577
1030962
1031999
1031998
1027801
1026752
1032000
1023574
1029909
1031997
1029917
1031996
1022503
1022504
1025688
1030955
1026744
1032001
1025695
1033029
1033028
1022505
1030963
1032002
1028863
1033030
1028873
1022502
1024637
1033027
1024632
1029908
1027800
1027810
1026743
1031995
1029918
1033031
1023578
1025687
1033026
1026753
1033032
1025696
1024638
1034061
1032003
1034060
1021428
1021429
1025686
1030954
1030964
1034062
1034059
1022506
1033025
1028862
1027799
1028874
1031994
1029907
1034063
1027811
1034058
1021430
1026742
1023573
1033033
1029919
1032004
1024630
1025685
1034064
1026754
1024631
1023579
1033024
1035093
1034057
1030953
1030965
1023572
1035091
1035092
1020356
1035090
1031993
1035094
1022507
1024639
1025697
1034065
1027798
1033034
1026741
1028861
1028875
1027812
1024629
1023580
1032005
1035089
1020355
1029906
1029920
1034056
1035095
1026755
1023571
1020357
1024628
1023570
1025684
1036109
1036108
1035088
1022501
1033023
1021427
1036110
1036107
1030952
1020358
1021431
1034066
1030966
1023569
1036111
1033035
1025698
1021426
1036106
1035096
1022500
1019290
1034055
1035087
1021432
1027797
1020354
1031992
1028860
1019291
1022508
1027813
1036112
1032006
1028876
1036105
1026740
1029905
1024627
1026756
1033022
1025699
1024640
1037126
1037125
1022498
1029921
1034067
1025683
1037127
1021433
1037124
1035097
1020359
1019289
1022497
1023568
1030951
1030967
1036113
1033036
1019288
1035086
1037128
1037123
1036104
1034054
1019292
1018225
1018226
1020360
1031991
1027814
1037129
1024641
1027796
1026757
1021425
1020353
1019293
1028859
1032007
1035098
1034068
1033021
1023581
1036114
1018224
1037122
1024626
1028877
1029904
1026739
1022499
1025700
1035085
1038147
1038148
1018223
1022496
1022509
1029922
1025682
1036103
1038146
1018227
1038149
1037130
1020352
1023567
1019294
1033037
1030950
1034053
1021424
1019287
1017155
1030968
1021434
1038145
1038150
1037121
1017156
1018228
1024642
1023582
1036115
1031990
1035099
1020351
1017154
1037131
1038144
1036102
1038151
1019295
1020361
1027815
1024643
1026758
1035084
1032008
1021422
1033020
1017153
1018229
1028858
1021423
1018222
1017157
1017158
1024625
1034069
1022495
1037120
1025701
1029903
1028878
1027795
1026738
1038143
1039169
1039170
1029923
1038152
1023566
1034052
1039168
1020349
1023583
1039171
1020350
1036116
1037132
1017159
1030969
1018230
1039167
1023584
1025681
1019286
1033038
1036101
1022510
1037119
1039172
1016075
1017152
1021421
1030949
1031989
1038153
1038142
1021435
1039166
1035083
1024644
1035100
1039173
1033019
1019296
1032009
1027816
1034070
1026759
1022494
1019285
1016074
1028857
1018221
1024624
1016076
1020348
1039165
1016078
1037133
1025702
1017160
1016073
1029902
1034051
1028879
1016077
1027794
1037118
1039174
1038141
1029924
1038154
1036100
1040200
1040201
1023585
1036117
1040199
1016072
1018231
1016079
1018220
1030970
1040202
1033039
1021420
1026737
1019284
1039164
1040198
1022513
1025680
1017151
1035082
1023565
1017161
1040203
1035101
1031988
1030948
1024645
1039175
1020362
1014998
1040197
1014997
1014999
1020347
1033018
1034071
1016080
1032010
1022493
1037117
1022511
1014996
1038155
1038140
1027817
1040196
1015000
1040204
1018219
1037134
1026760
1018232
1017150
1019297
1024623
1028856
1039163
1021436
1034050
1040205
1019283
1036099
1025703
1014995
1036118
1015001
1029901
1028880
1016071
1023586
1039176
1021419
1029925
1020363
1016081
1040195
1024646
1022514
1033040
1035081
1030971
1017149
1015002
1018218
1035102
1027793
1017162
1022512
1013920
1023564
1038139
1038156
1013919
1015003
1037116
1031987
1021437
1030947
1037135
1019282
1013918
1034072
1040206
1039162
1023587
1033017
677739
678983
677738
677740
678984
676512
680210
678982
677741
678985
680209
677737
680211
676511
678981
676514
680208
681439
680212
681438
678986
677742
681440
676513
676515
678980
680213
677736
681437
681441
675285
676510
680207
675286
682673
682672
681442
682674
678987
675287
680214
675284
675288
677743
682675
681436
682671
675283
676516
674040
674038
683888
682676
681443
683889
683887
674039
675282
675289
678988
682670
683890
680215
674041
677744
677735
683886
676509
676517
674037
678979
682677
681444
683885
685106
680206
672798
672797
685105
678989
672795
674042
677745
677734
676508
685107
675281
680216
672796
683891
678978
676518
685104
674036
681435
685108
675290
682669
682678
672799
680205
671554
671553
674035
671551
685103
674043
681445
671552
683884
686332
677746
678990
686331
681434
672792
686333
671555
683892
680217
676519
672800
680204
686330
670304
670305
675291
675280
676507
677733
685102
670302
672794
685109
683883
678977
670303
682668
681446
682679
686334
686329
674044
681433
676520
674034
671556
670306
675292
678991
677747
672801
687533
669077
683882
669078
680218
685101
682680
674033
686328
683893
687532
669076
685110
676521
681447
670307
674045
683894
671557
675279
671550
687531
687534
669079
682667
669075
686335
672791
686327
685100
675293
681432
672802
672793
685111
667858
678992
687530
667859
677748
680203
687535
674046
682681
667857
680219
683881
676506
677732
686336
678976
682666
688740
683895
671549
671558
686326
674032
681448
667860
667856
688739
687529
685099
670308
669080
685112
681431
676522
682665
688738
687536
680202
670301
675278
675294
683896
666628
682682
666629
676505
677731
688737
683880
688741
685113
666627
678975
674047
686325
687528
678993
680220
672803
686337
677749
671559
671548
670309
667861
685098
666630
686338
683897
689956
681449
688736
685114
688742
689955
681430
687539
683879
682664
687537
670300
669081
680201
674031
686339
687527
672804
676523
689954
682683
666626
685115
686324
675295
688735
689953
689957
687538
674048
669074
670310
666631
691168
675277
687541
686340
687540
685097
688743
678994
683898
691169
680221
676504
677730
691167
677750
667862
669082
689952
683878
678974
686341
681429
681450
665405
689958
687526
691170
682663
671560
680200
691166
665404
688734
687542
686323
685116
672805
665403
682684
689951
691165
665406
675276
674030
685096
675296
691171
688748
667863
670311
688747
688744
666632
669083
692380
674049
676524
692379
688749
687543
691172
692381
691173
691164
683899
688733
687525
692378
665407
683877
686342
692382
680222
688745
672806
689950
667855
671561
686322
692377
681451
692383
691175
676503
677729
678995
689959
691174
665402
666633
681428
667864
682662
691163
664180
678973
682685
689964
680199
685117
692376
685095
677751
664179
688746
692384
689963
689965
688750
688732
664181
692385
664178
687524
691176
689949
693599
693598
683900
692375
665408
670312
687544
693597
689961
693600
669084
683876
669073
691162
671562
666634
686321
693596
689960
693601
686343
676525
664182
678972
693595
681452
672790
692386
671547
675297
681427
680223
682661
692374
689962
678996
689966
680198
685118
670299
685094
674050
682686
670313
665409
693602
674029
689948
693594
667865
688731
688751
677752
672789
676502
677728
687523
662947
672807
691161
669085
683901
662946
692387
693593
692373
686320
693603
691177
687545
672788
662948
686344
675275
666625
664183
662945
665410
674028
666635
676526
689967
667854
681453
671546
675298
685119
693592
667866
680224
671563
688730
683875
670298
689947
973385
973384
973386
973387
973383
972317
972316
972318
972315
972314
973388
974450
973382
974451
974448
972319
974449
974454
972313
975529
973389
974447
972320
975530
974455
975528
973381
974452
973390
974446
972321
975531
972312
974453
976614
975532
971256
974456
975527
976615
973380
972311
975533
971255
976613
971253
974445
972322
973391
971258
971257
976616
975526
976617
970198
975534
971254
971259
974457
970197
971260
973379
972310
976612
971252
970196
975535
974444
971261
970194
972323
975525
970199
970200
973392
970195
977695
971263
969147
970201
976618
976611
971262
977694
969146
975536
978765
973378
974458
972309
970193
970202
976619
970204
978764
977693
969145
974443
975524
971264
978763
977696
969148
969149
970203
976620
973393
976610
977692
972324
970205
977691
975537
969150
969144
971251
978766
969153
971250
970192
976622
978762
969151
973377
974459
972308
979829
969142
979828
976621
969154
979827
969143
975523
969152
977690
971265
974442
978761
976609
979826
975538
970206
976623
977697
968101
968100
970191
972325
971249
978767
979824
968099
969141
979825
968096
977689
967045
967044
969155
973394
978768
973376
974460
968098
979830
972307
978760
967043
967040
979831
967042
965983
975522
968097
979823
976624
968095
978759
975539
965982
976608
974441
976625
970190
971247
965979
969140
967041
968106
975540
968102
965981
967051
971248
967039
968105
977688
979822
968103
970207
968107
980880
967046
969156
977698
971266
967050
967049
965980
968094
967047
973375
980883
968104
965978
965984
968108
980882
977701
965985
980878
978758
980879
977699
980881
967038
965989
965990
965988
978769
975521
976626
980877
969139
970189
967052
972306
981953
979832
979821
976607
965976
971246
965987
981950
977687
977700
981952
965977
968093
977702
978770
974440
970208
969157
981951
978757
971267
979833
965991
967037
968109
974461
980884
973395
967048
981949
965986
980885
972326
981948
964911
978771
981954
975541
964915
969138
976627
979820
983033
964921
967053
964914
980886
977703
970188
979834
968092
980876
964913
972305
977686
973374
976606
969137
983031
971245
975520
964910
983032
983035
964920
964912
965992
983034
978756
978772
974439
981947
969158
964908
980875
968110
964919
979835
974462
964922
965975
973396
983030
977704
964909
980888
979819
972327
964916
970209
984119
981955
968091
975542
967054
964917
976628
984117
971268
981956
970187
978773
964918
967035
983036
963837
967036
977685
969136
981946
963841
963835
963842
984118
976605
973373
979836
963840
965993
983029
980887
963847
975519
980874
964923
985197
970186
963846
965974
978755
963839
977706
963844
977705
968111
984116
974438
963836
985195
962757
963838
979818
968090
963845
962760
981945
972304
985196
978774
971244
969159
967055
975543
963848
976629
967034
983028
962756
986263
986262
980873
983037
963843
986261
962758
985194
969135
962765
977684
965994
980889
981957
965973
974463
983038
970210
976604
977707
973397
973372
962767
984122
971243
983027
984121
975518
964924
978754
984115
962762
972328
962761
962755
962766
963849
962763
978775
968112
984120
971269
981958
963834
981944
968089
974437
962764
986260
979817
962759
985193
967056
967033
964907
972303
962768
969160
979837
975544
984114
981959
985198
980872
970185
965995
983026
964925
987304
977708
978777
978776
986259
961694
977683
970211
985192
961696
962769
981960
981943
971242
961687
964906
983039
986264
968088
968113
984113
976630
979838
978753
963850
985200
971270
961695
985199
976603
967032
987303
961691
980890
961692
967057
843521
843522
842468
844565
842469
844566
845602
842470
844564
843520
844567
843523
845603
841454
841455
841456
845601
846648
846647
845604
844563
846646
844568
843519
846649
845605
842467
841457
845600
842471
847668
840447
847667
840446
842466
843524
843518
844562
846645
847669
845599
847666
839432
840445
840448
841453
846650
839431
842465
848683
848682
843525
841458
839430
841452
846644
844561
845598
839433
842472
847665
847670
848681
840444
840449
838439
844569
846643
845606
843517
848684
849715
839429
838438
844560
841459
846651
838440
849714
848680
847664
839434
842473
845597
849713
838437
844570
845607
847671
841451
843526
840450
846642
843516
848685
848679
846652
838441
849712
847663
841460
839435
849716
842474
838436
842464
844571
845596
844559
850735
850736
840451
849711
848678
838442
840443
843527
843515
845609
846641
842475
848686
850737
847662
846654
847672
850734
839436
837455
849717
841461
843528
845608
842463
844572
846653
837456
849710
846655
838443
844558
848677
840452
844573
851760
850733
845610
851762
845595
846640
839428
851761
837457
842476
847661
842462
839437
851759
841450
841462
849718
846656
844574
843529
837454
845611
849709
843514
847673
837458
838444
848676
851758
843530
844575
850732
852797
842477
852798
845612
841449
841463
845594
850738
840453
846657
847660
840442
848687
852796
844557
852799
839438
847674
847675
849708
846639
851757
847676
848675
848688
837459
838445
852795
841448
843531
845613
844576
847677
842478
850739
847678
836467
837453
838435
841464
837461
840454
846658
847659
850731
849707
843513
839427
848690
849719
848689
851763
836468
837460
848691
845593
839439
848674
852794
851764
842461
844556
838446
836472
848692
846638
836469
850730
844577
849720
845614
843532
852800
842479
837462
849706
850740
851756
847658
848693
841465
846659
836465
853835
838434
836466
849722
847679
849721
849723
840455
835494
848673
839440
851765
836473
853836
851755
844555
846637
843512
852801
836470
850729
849705
838447
845592
837463
843533
853834
848694
836464
853837
835490
847657
852793
849724
842460
850741
844578
835495
836471
842480
847680
845615
853833
840441
834528
848672
836474
849725
835491
841466
850728
846660
835489
852792
851754
853838
840456
844554
837452
852802
846636
849704
845591
841447
854864
848695
839441
837464
834529
835496
854863
835487
850727
835488
849726
843534
844579
839426
851753
843511
836475
854865
842481
851766
838448
838433
854862
850742
835492
847656
848671
852791
845616
841446
847681
849727
840440
842459
839425
846661
837451
849703
835497
841467
836463
835493
854866
850743
850726
851752
839442
837465
834530
835486
840457
837450
855902
846635
844553
850725
843510
840439
836476
853832
855901
845590
850745
838449
850744
834523
852803
843509
851767
842458
834531
844580
853831
843535
852790
834524
835498
851751
842482
838432
847655
851750
842457
848696
848670
852789
851769
841468
834525
836462
852804
849702
845617
850746
851768
850724
855900
840458
846662
839424
834521
834522
837466
841445
838431
841444
836477
834532
854861
838450
839443
851770
852788
847682
851749
849728
846634
852787
844552
853830
835499
842456
853839
854860
848697
845589
835485
834526
853840
855899
852806
850723
834520
852786
835484
847654
848669
836461
843508
834533
841443
852805
849701
834527
837449
841442
851748
836478
843536
850747
837467
849729
855904
852807
840459
842483
840438
839423
842455
853829
854859
841469
835500
838451
851772
851771
839444
854867
855898
845588
852785
847683
853826
846633
843507
834534
852808
858967
860025
860024
857913
860023
858968
861085
857914
857912
861084
856876
856875
861086
857915
858969
860026
857911
860022
858966
861083
856877
862153
860027
862152
855832
856874
858970
855831
861087
856873
857916
862154
855830
855833
856878
860028
857910
862151
858965
861088
856872
855834
858971
857917
863228
862150
856879
862155
855829
861089
860029
862149
855835
863227
862156
855828
858972
863230
863229
854796
863231
863226
857918
861090
856880
864303
864302
860030
862157
863232
864305
864304
862148
855836
864306
854797
858973
863233
864301
854795
864307
861091
863225
862158
853767
854798
862159
865384
860031
864308
865385
863234
856881
854794
857919
862147
864300
854793
865383
853768
865386
865387
855837
858974
854799
853769
864309
865388
865390
861092
863224
863235
865389
865382
862160
860032
864299
853770
865391
856882
864310
862146
852729
857920
853765
852730
852728
853766
855838
854800
863236
861093
863223
852731
865381
865392
866468
863237
853771
864311
866467
864298
866465
860033
858975
864312
856883
853764
866466
866469
857921
866470
862161
865393
866473
854801
852732
855839
866471
865380
866464
852726
861094
852727
863238
865394
866472
853772
866474
867551
864313
858976
866463
867550
867548
862162
851694
852733
867555
867549
865395
852725
854802
867547
866475
866476
867552
860034
851695
856884
867553
861095
867556
867554
853773
857922
866462
855840
850669
867558
867546
863239
858977
867557
865378
868623
852734
866477
862163
851696
868622
868620
864314
851693
854803
850670
868621
867545
860035
868627
856885
867559
866461
853774
868624
868619
865396
857923
868625
851697
855841
868628
866478
868618
863240
868626
865377
850671
861096
852735
868630
867560
864315
867544
849647
868617
868629
850672
849648
866460
851692
858978
865397
854804
856886
851698
849649
866479
862164
868631
853775
857924
855842
865376
867561
869693
869694
868616
867543
860036
852736
849650
850668
850673
866459
868632
869690
863241
869697
851699
858979
861097
869688
854805
869692
867562
868615
864316
869689
869687
869695
849651
853776
869691
869698
867542
869696
851690
850674
869686
851689
865398
870766
865379
852737
868633
856887
860037
866480
851688
848618
870769
869699
870770
870768
862165
855843
857925
870771
870765
850664
870763
851700
870767
870774
850663
868614
870772
867563
869701
849652
861098
864317
869685
869700
854806
870764
870773
868634
870775
853777
851691
871846
848619
871847
850675
871845
870762
866481
864297
865399
871848
871842
871844
863242
852738
869684
847603
871849
869702
858980
871843
850667
870776
848617
862166
870761
868613
851701
871841
855844
857926
871850
871840
848620
849653
871852
856888
868635
871839
860038
862145
871851
870760
849646
847604
854807
870777
869703
850676
853778
871853
869683
867564
863243
850665
848616
863222
852739
848621
846582
868612
864318
871838
847605
858981
861099
851702
849654
870778
871854
866482
855845
865400
857927
862144
871837
870759
864296
856889
860039
869682
846583
872920
850677
872919
867565
847606
872918
872914
850666
863221
868636
871855
872915
870779
872917
848622
846584
854808
852740
869704
853779
871836
849643
872916
849645
849655
861100
849642
872913
851703
866483
870758
849641
872921
862167
847602
871856
863244
846585
872922
870780
872911
850678
847607
864319
868637
858982
872912
872923
869705
873996
847601
848623
855846
865401
873994
871835
857928
873999
874000
872924
873998
873995
856890
862143
871857
864295
854809
853780
849656
873997
860040
852741
870781
846586
872925
872910
873993
193230
192091
194364
193229
192090
194363
194365
193231
192092
195493
193228
193232
194366
190953
195492
195494
192089
194362
195495
190954
190955
193227
196619
196620
195491
196618
192088
194361
192093
196621
190952
190951
195490
193226
190956
192087
196617
197732
189806
197731
194367
197733
189807
193233
194360
196616
197730
190950
189809
189805
188658
189808
192086
195489
197734
193225
197729
190949
198850
198849
188659
194359
195496
188657
198848
196615
196622
189804
198851
188660
194368
192094
193234
197728
192085
193224
198847
188656
187514
199975
187516
190948
192095
195488
190957
198852
189803
199974
186367
188661
199976
198846
194358
187517
187515
190958
187513
195497
186368
196614
188655
186366
186365
196623
199973
197727
195487
199977
194369
201107
186369
193235
187518
186364
185219
196613
199972
187512
201106
192084
190947
192096
198845
193223
185217
185220
189802
185218
199978
194357
201108
197735
201105
189810
188654
190959
186363
197726
184068
195498
185216
196624
184069
201104
185221
190946
184067
187511
199971
202242
201109
184066
184070
202243
198844
186362
185215
202241
201103
202240
192083
189801
195486
199970
184065
193222
182918
187510
202239
188653
202244
189811
197736
182919
201110
194356
182917
203383
198853
185214
196612
186361
182916
201102
195485
190945
182920
192082
203382
202238
189800
193221
184064
202245
187509
188662
188652
197725
203380
203381
185213
203384
182915
184063
202237
186360
204515
181776
181775
197737
203379
204514
198854
181773
198843
182914
203385
181777
194355
181774
201101
185212
199979
184062
196611
184071
204513
204516
182913
187508
204512
193236
195484
181772
188663
203378
202236
205648
180633
192097
199969
186359
203386
197724
204517
196610
204511
180632
205647
181771
184061
182912
185211
205646
190944
189799
180631
180634
190960
203377
188651
205649
189812
181770
182921
199968
198855
201100
205645
197723
198842
180629
204510
199980
194370
180630
190961
204518
185222
186358
187507
184060
202235
205650
180635
182911
179505
201111
180636
188664
179504
205644
181769
185210
206788
180628
188650
206789
179503
193237
198841
201099
186370
192081
206787
204509
203376
180627
179502
182922
202246
193220
179506
181778
205651
192098
202234
181768
179507
184072
205643
182910
206786
187506
186357
194354
179501
180626
184059
196625
189798
190943
180637
189813
195499
199967
187519
192099
192080
206790
188649
189814
203387
199981
204508
206785
195483
185209
193219
178381
179499
179500
207931
207930
178380
178382
205642
201112
179508
201113
190962
181767
178379
178383
179498
180625
182909
203375
181779
206791
186371
207929
201098
196609
189797
178378
178384
190942
182923
204519
206784
184058
202247
202248
179497
198840
207928
204507
178376
184073
193238
178377
205641
177251
187505
197722
177252
203388
178374
206792
203389
207927
187520
206783
178375
179496
205652
177253
181766
209073
186356
201097
180624
177248
185223
202233
207933
199966
177250
194353
182908
177254
195500
177249
209072
177247
207932
192079
181780
203374
178373
209071
185208
204520
207926
178385
194371
205640
197721
204521
195482
193218
209070
206782
177246
179509
177245
207934
204506
177255
199965
202232
194352
177244
189796
178372
188648
176117
196608
176116
207925
176118
205653
198839
180623
209069
203373
205654
181765
179495
195481
176119
187504
176114
209074
185207
184057
178386
177243
185224
197738
206781
176120
186355
201096
177256
176112
176115
180638
176113
204505
197739
202231
209068
196626
196607
176111
180639
207924
192100
570379
571623
570378
569150
571622
569149
570380
572851
567916
572850
569151
570377
571624
571621
567917
570381
572852
571625
569148
574078
572849
566681
569152
574079
567915
574077
567918
566682
570382
572853
567914
569147
566683
571626
575326
569153
575327
575325
567919
565461
566680
565462
572848
574080
570376
574076
571620
570383
566684
572854
564239
567913
565463
575324
566679
569154
570375
576564
567920
571627
576563
574075
564240
571619
574081
565464
576565
570384
572847
566685
575328
576562
564241
569146
563017
575323
566678
572855
571628
569155
563018
567921
564242
565465
572856
574082
574074
576561
575329
570374
570385
563019
566686
571618
577806
575322
565460
572846
575330
576566
561800
570373
571629
569145
577807
577805
564243
576567
561801
572857
567911
577808
563020
565466
567912
569156
567922
576560
569143
571617
565459
574083
570386
561802
570372
566687
577809
566677
569144
572845
577804
579072
567910
571630
575331
569142
571616
564238
576568
574073
579071
567909
572858
563021
564244
574084
566676
575321
561803
579073
570371
574085
569157
567923
579075
579074
567908
575332
572844
579070
565467
569141
566688
577810
576559
570387
577803
571631
574072
580320
571615
575320
580319
565458
576569
563022
572859
567907
572843
569140
574086
570370
566673
575333
571614
566675
564237
580322
569158
566674
567906
579069
580318
577811
576558
580321
576570
567924
577802
566689
566671
566672
580323
577812
574071
565468
570388
572842
575319
563016
571632
575334
579076
574087
579077
564245
570369
576571
569139
580317
572860
579068
571613
576557
567905
574070
565451
561799
572841
577801
581564
581563
577813
566670
580324
575335
575318
564236
576572
564229
581562
574088
580316
564246
579078
565469
581561
565453
579067
577814
569159
563015
577815
565450
576556
570368
569138
565452
566690
579079
567925
565457
574069
571612
580325
563007
567904
570389
565454
571633
572840
563023
581560
575336
576573
572861
581565
564228
580326
566669
564230
575317
565456
577800
579080
561798
580315
577816
564232
564231
581567
582828
581566
565449
576555
564247
563006
565455
574089
563008
582830
582831
579081
570367
582829
581559
569137
574068
579066
571611
576574
580328
563009
564235
567903
569160
564227
561790
580327
577817
582827
572839
567926
577799
563014
575316
566668
563024
564234
570390
571634
566691
575337
579082
563010
580329
572862
582832
563005
565470
580314
565448
576554
561789
582826
574067
564233
584102
579065
582833
581558
570366
564226
560581
584104
569136
571610
580330
584103
574090
579083
584105
584101
567902
561788
576575
581568
575315
572838
577818
575338
581569
571635
566667
577798
580313
563004
563012
572863
563025
567927
560580
582825
581570
584100
565447
580331
570391
566692
569161
574066
563013
565471
563011
581571
576553
582834
581557
579064
561787
574091
570365
576576
564225
569135
571609
560579
561793
561791
581572
579084
584099
567901
584106
564248
572837
559374
566666
582824
559373
582835
560578
577819
575314
580312
563003
575339
582836
581573
584107
560583
561792
565446
580332
582837
576552
581556
577797
561786
579085
561794
585364
559372
570392
574065
571636
582838
584098
564224
559371
565472
572864
581574
585363
570364
584108
567928
569134
560582
575313
571608
567900
585361
566693
585362
582823
582839
560577
569162
564249
572836
566665
563002
581575
574092
563026
577820
576577
579063
584109
582840
585360
558156
584110
575340
560584
580333
565445
585366
570393
584097
571637
559370
558160
561785
572865
576551
567929
579086
577796
849595
849596
848572
848573
850618
849594
850619
850617
847557
849597
847558
848574
850620
848571
851643
851644
847556
847559
846527
851645
849598
849593
848570
850621
846528
848575
851642
852680
850616
852681
846526
846529
847560
851646
852682
851641
849592
845489
849599
847555
850622
852679
845490
848576
850615
845488
851647
846525
845491
847561
852683
848569
846530
853722
853721
847554
853723
850623
844452
849600
845487
844453
848577
844451
852684
846524
852678
851640
851648
853724
845492
847562
846531
844450
853720
854750
845486
844454
849601
852677
848578
850624
843400
843399
845493
843401
852685
854751
853725
844455
846532
854752
844449
847563
851649
854749
854753
843398
853719
843402
846533
844456
845494
849602
848579
849591
850625
854754
842364
842365
847564
842366
843397
853726
850614
855784
845495
842367
851650
854748
842363
844457
852686
843403
848568
847553
855783
846534
855782
854755
849603
841351
848580
855785
853718
850626
842368
841350
847565
843404
841352
845496
852687
842362
844458
851639
841353
841349
842369
849590
844448
851651
846523
853727
856830
855781
854747
856831
846535
855787
856829
855786
844459
843405
850613
845485
848581
847566
855780
841354
843406
841348
846536
840340
842370
845497
840341
840342
849604
848567
847552
854756
840339
852688
840343
856832
841355
845498
852676
856833
844460
843396
853728
842371
843407
851638
840338
841356
840344
844461
846537
839328
842372
846522
855779
849589
857868
839329
857869
856828
843408
842361
857867
848582
847567
845484
839327
845499
856834
839330
855788
841357
844447
839331
843409
840345
853729
847551
839326
848566
857870
841358
854757
842373
844462
843395
846538
857871
838336
852675
849605
850612
850627
845500
856827
838335
840346
839332
842374
841347
840347
847568
842360
851637
838337
838338
855789
841359
838334
843410
846521
844463
858913
858912
839333
857866
853717
845483
857872
854758
840337
841360
840348
844446
838339
846539
839334
848583
842375
847569
843411
837352
837351
845501
858914
854746
843394
856826
858911
856835
837350
855790
841346
844464
859976
859975
852674
839335
839325
840349
838340
851652
849606
857865
837353
842376
841361
843412
848584
838333
840350
858915
838341
840336
846540
853716
837354
839336
842377
858910
836370
836371
859974
845502
841362
842359
837355
839337
849607
837349
836369
838342
850628
861037
844465
861036
839324
854745
855778
843413
839338
840351
852689
836372
859977
858916
841345
841363
857864
859978
838332
838343
856836
838344
842378
837356
859973
861035
836373
840352
837348
858909
840335
835392
836368
835393
845503
836374
835391
837357
839339
857873
851653
846541
841364
859979
838345
853715
861038
843414
861039
844466
835394
839323
838346
838331
856837
842379
861034
862094
840353
862093
836367
836375
859972
850611
862092
835390
839340
835395
845504
837359
834425
846542
837358
858908
835396
836376
841365
861040
847550
838347
837347
848565
834423
840354
835389
844467
834424
839341
844445
849588
836377
834422
837360
843415
843393
842380
855777
861033
850629
854744
856838
835397
857874
834426
859971
862095
836378
834427
852690
851636
841366
838348
836366
857875
835398
846520
845482
837361
850630
840355
839342
834421
837362
863171
862091
863170
843416
852673
833459
838349
863169
836379
835399
835388
833457
842381
858918
834428
833458
856825
833460
862096
842358
861032
851654
853730
835400
841367
837363
841344
844444
836380
833456
858917
856824
839343
836381
840356
843417
851655
857863
838350
834429
863168
862090
834420
833461
840334
791484
790458
790459
791485
791483
792498
790457
789433
792497
789434
792499
791486
791482
790456
792496
790460
789435
789432
793491
788397
792500
793492
792495
789431
790461
788398
789436
793490
788396
793493
791487
791481
793489
788395
787360
792501
788399
787361
787359
794494
790462
793488
788394
790455
787358
787362
789430
789437
791488
794493
786340
794492
792502
786341
787357
793494
786339
794495
791489
788400
794491
790463
786338
791480
790454
792494
786342
787363
789429
789438
788393
788401
786337
785310
785311
785309
787356
785308
789439
791490
792493
786343
785312
791479
787364
790453
790464
788392
794490
785307
791491
788402
793487
793495
786336
785313
792503
787355
786344
790465
789428
785306
784274
787365
784275
784273
789440
784276
788391
793486
784272
794496
786335
788403
784277
791492
787354
785314
786345
784271
792492
791478
794489
787366
790466
783235
792504
783236
785305
784278
786334
789441
783237
793496
783234
785315
783238
790452
788404
791493
786346
794488
789427
783233
784270
792491
792505
784279
785304
795500
793485
787367
783239
783232
790467
792506
794497
795499
782183
785316
782181
782182
789442
784269
783231
784280
790451
786347
788390
782184
783240
791477
788405
786333
791494
787368
795498
782180
790468
793484
787353
792507
782185
782179
784268
789443
788406
785303
785317
786348
793498
794487
783241
781112
781113
789426
793497
784281
795503
793499
795502
782178
781111
781114
793500
782186
792490
788389
787369
795501
783230
791476
781115
793483
791495
787352
785318
796486
782177
789444
790469
786349
781110
783242
792508
781116
784282
782187
794486
786332
794498
795497
788407
783229
790450
796485
781109
789425
784267
780063
780064
782176
793501
787370
796487
780062
781117
792489
780065
785319
794502
785302
780061
780066
782188
793482
781108
783243
796484
795496
786350
784283
791496
790470
794501
789445
794485
780060
794500
783228
780067
792509
782175
781118
786331
784266
788408
788388
781107
778999
787371
794503
780068
787351
779000
782189
783244
797461
785320
795495
778998
785301
779001
797462
796478
793502
781119
780059
778997
779002
795491
784284
796490
781106
794484
786351
796489
778996
796477
780069
790471
779003
784265
791497
796488
797460
791475
795490
794499
780058
789446
795493
782190
782174
792488
795494
781120
796483
785321
788409
778995
783245
783227
792510
797468
797470
779004
796476
793481
777939
780070
787372
777938
796475
784285
777940
780057
796480
786352
777937
777941
778994
796481
797469
790449
794483
789424
793503
777942
779005
797467
796482
781105
797471
777936
782173
782191
795504
795492
795488
797459
785322
795489
783226
790472
780071
781121
783246
791498
795510
792487
797464
777943
780056
777935
789447
786330
797465
793480
788410
779006
794504
796479
792511
778993
777944
784286
788387
781104
785300
776892
776891
794482
782172
786353
776890
787350
795511
791474
787373
782192
781122
780072
776893
777945
780055
776889
777934
779007
793504
776894
797463
784264
785323
778992
776888
797474
794505
790473
797473
783247
791499
797466
795512
777933
776895
790448
789423
789448
797472
776887
783225
784287
795513
779008
776896
777946
780073
787349
792512
781123
775819
778991
786354
775818
788411
795505
782193
781103
775820
796498
776886
792486
796499
775821
793505
786329
787374
775817
777932
776897
796497
794506
780054
782171
785324
796500
793479
783248
775816
785299
775822
788386
796491
780074
777947
794481
795514
790447
779009
775815
791473
784263
784288
775823
797484
781102
776885
774732
778990
688242
687041
688241
687042
687040
688243
688240
685826
685827
685825
687039
687043
689448
688244
685824
688239
685828
687038
684608
684607
687044
684609
685829
689447
684610
684606
685823
689451
688238
689450
688245
689446
687037
683390
683389
684611
684605
689449
688246
687045
683388
685822
689452
690664
685830
683392
683391
684612
689445
690668
683393
688237
690667
683387
682167
690665
684604
690663
682166
689453
687036
682168
690666
687046
684613
682170
683394
682169
690669
685831
689454
690662
683386
682165
680936
688236
688247
683395
680935
689444
682171
685821
680937
687035
684614
691876
690670
680938
687047
688248
691873
690661
682172
690671
685832
691877
689455
683396
682173
682164
680934
679709
680939
691879
679710
691874
691875
689443
679708
691878
679711
689456
687048
688249
688235
684615
685833
682174
680940
691872
684603
680941
679712
683397
690660
691880
691881
690672
687034
689457
691882
678478
678477
679713
685820
690673
691883
682175
678479
680942
680933
678476
693084
679714
688250
691871
693081
678480
679707
683385
691884
693085
690674
684616
683398
687049
680943
689442
685834
682176
678481
693083
693082
689458
684602
679715
690659
677241
690675
678482
677240
677242
693092
691870
693080
684617
680932
680944
687050
679706
679716
688251
691885
685835
682163
693093
677239
689459
678483
677243
683399
693090
678475
693089
693091
688234
677238
694302
690676
682177
683384
693088
693094
693095
690658
676019
691886
689460
677244
679717
694303
676018
691887
693087
693079
695515
687051
676020
678484
688252
680945
685819
694300
694299
694301
684618
677245
683400
695514
694305
694304
676017
693086
690677
676021
679705
693096
696731
695516
685836
695517
678474
694306
691869
678485
682178
679718
689441
696733
691888
696732
695512
682162
695511
695513
676022
674787
677246
688253
696734
687033
676016
693078
680946
684601
689461
674788
693097
694298
695518
687052
690678
674786
683383
685837
694307
696735
674789
676023
690657
694295
678486
677247
684619
694297
694292
691889
696730
679719
697934
691868
695519
674785
683401
697936
694289
676024
688254
695510
694296
674790
697933
694294
689462
688233
693098
697935
693077
694288
682179
687053
695509
677237
696736
673533
690679
677248
678487
694291
673534
694290
696729
676025
674784
674791
697937
673535
695508
678473
694308
680947
685838
694293
683402
695500
673532
684620
687032
695520
679720
699125
688255
691890
680931
673536
695503
699127
689463
682180
695507
699128
677249
695504
674792
695501
676026
687054
699126
694287
697938
690680
673531
689440
697932
695505
696737
682161
693099
699129
696728
673537
674793
694309
680948
678488
672291
685839
672290
695506
684621
695499
672292
676015
679721
695521
696718
695502
691891
696726
676027
688232
683403
673538
700315
682181
673530
700316
672293
697939
677250
699130
697931
700314
674794
697930
696738
672289
688256
696725
677236
693100
694286
696723
689464
680949
694310
685818
672294
687055
693076
696720
700313
701505
696727
690681
673539
700317
678489
674783
696721
696724
696717
671044
696715
672288
695498
674795
676028
671045
691867
696722
685840
699124
699123
701506
676014
696716
671046
672295
677251
699131
701504
697940
691892
679722
671047
679704
701507
700318
683404
673540
695522
696719
671043
690656
689465
684622
701503
680930
688257
682182
693101
672287
702688
687031
671048
696739
674796
672296
676029
694311
677235
702689
678490
687056
673541
690682
695497
671042
685841
701508
699132
699122
700319
669810
694285
671049
677252
672297
691893
583693
584958
582418
584959
583694
582419
584960
583692
583695
582420
582417
584961
582416
586227
583691
583696
582421
586228
584957
586226
587494
587495
581152
581150
584962
586229
581151
587496
583690
583697
581153
582422
586225
579905
584956
588752
584963
581149
588751
579907
588753
579904
579906
582415
582423
583698
587497
586230
581154
588754
579908
587493
581155
586224
579909
578662
578661
582424
579910
581156
584955
578664
584964
579903
578663
586231
581148
578660
579911
581157
587498
587492
590014
588755
582414
583699
579912
578665
587491
588750
581159
578666
578659
579902
581158
590015
578667
579913
587499
588756
583689
582425
586232
590016
578668
590013
581147
583700
581160
584965
578670
588749
578658
579915
591290
579901
579914
591291
578669
590012
577396
583688
582413
578672
578671
590017
581161
577395
577403
581146
584966
591292
577393
579916
577406
577394
587500
577397
577398
577405
590011
591293
577402
577399
588748
578673
577404
586233
576159
582426
588757
577400
583701
577392
590018
581162
582427
576162
576163
584954
576161
573674
577401
581163
576152
577407
592539
579917
591289
577391
584967
577408
576160
576151
592541
578657
576156
579918
591294
586223
573671
574921
592538
587501
578674
583687
574924
576157
574925
577390
592540
574923
573673
578675
573675
586234
588758
576164
576153
573672
583702
576154
576148
574922
572445
591288
582428
576149
574918
572443
592542
576155
576158
579900
581164
590019
577409
572442
583703
584968
574919
576150
579919
591295
577410
574926
571216
581145
576147
573676
573670
576146
582412
587502
572444
574916
574914
572446
577389
574920
574917
576165
578676
587490
573668
584953
569973
571218
588759
586235
591287
578656
571217
592543
586236
571220
576166
572440
586222
573669
582429
578677
581165
590020
587503
576145
569974
573666
574911
583705
574927
572447
584970
572441
573677
583704
574915
573667
571219
584969
579920
582430
571215
591296
569972
577411
592536
592537
588760
569976
574913
572439
581166
572448
574928
577388
571221
573678
574910
574912
579922
569975
574908
579921
579899
577412
592544
582431
572449
593786
576167
593787
578679
581167
573679
569970
578678
586237
576144
569977
574909
574907
590021
593788
581144
568738
587504
571223
576168
569971
571213
576169
571222
577413
582411
583706
568737
591297
584971
582432
574929
590010
569969
578655
593789
588761
581168
571214
578680
584952
586221
568739
572450
572436
569978
579923
586238
571211
572437
592545
569979
568741
573664
574930
579898
573665
574931
571212
573663
574906
572438
577414
573680
587505
568735
569968
590022
568742
583707
573662
571224
573681
584972
582433
595046
588747
595045
568740
581169
568736
588762
567505
586239
595047
592535
582410
587489
576170
583686
593790
579924
595048
568734
583708
567504
593785
582434
584973
591298
587506
571210
571209
572435
581170
569980
574905
569966
572434
577415
572451
569967
568743
578681
567506
568744
578682
573682
572433
572452
579925
588763
590009
592546
567508
593783
574932
590023
571225
567502
593784
566267
576143
576171
573661
577416
581143
571226
567507
567503
576172
583709
573660
582435
584974
566268
591299
571208
567501
567509
572453
569981
593791
573658
596297
595049
581171
586240
568745
566265
596298
573683
571207
568731
568732
577387
574933
596296
579926
568733
567510
587507
573659
567511
566266
572432
592547
596299
566269
566270
574934
569982
574904
588746
566264
566271
571227
573655
578683
595044
588764
573657
577417
573656
572431
591286
590024
587488
569965
565048
572454
397234
396081
397235
398378
396082
398379
397233
396080
394945
398380
394944
397236
399519
394946
398377
396079
394947
393806
399518
397232
393805
397237
396083
398376
400648
394943
399520
399517
398381
396078
394948
393804
400649
399516
393807
397231
392668
396084
398375
393808
392669
392667
401774
401773
400647
400650
399521
400646
393809
397238
396085
401775
401772
398382
400645
391519
402878
402879
392670
401771
399515
394942
391518
392671
400644
391520
402877
402880
392666
393803
403975
402876
394950
394949
399514
390365
403976
392672
390364
391517
390366
401770
401776
403974
403977
391521
397230
398374
403973
396077
389220
389219
405083
389218
399522
401769
391522
403972
402875
405084
402881
393810
390363
400643
390367
405082
400651
405085
393802
396086
391523
405081
398383
392673
401768
390368
388081
405080
388082
403978
392665
394941
402882
388080
401777
393811
405086
406193
389221
389217
390369
406192
400652
406194
389222
402874
397239
398373
397229
391516
394951
396076
405087
403979
406195
386935
399523
399513
406191
386936
389223
401778
388083
405079
386934
406190
400642
403971
402873
390362
407286
388084
392674
407287
406189
396087
397240
402883
398384
406196
407288
388079
399512
403970
407289
405088
407285
394940
393812
402872
385769
386937
407284
385770
389216
391524
400653
403980
385768
393801
391515
406197
407283
407290
405078
401767
388085
398372
397228
394952
406188
390370
386933
392664
396075
399524
391525
386938
390361
385771
407291
384612
400641
384611
406187
405089
408394
389224
408392
392675
408391
384610
408393
390371
386939
408390
403969
407282
396088
397241
408395
401779
408389
398385
385767
388078
406186
385772
408396
393813
408388
406198
384613
407281
405077
402884
392676
383440
385773
409521
383439
409520
407292
409517
409522
408387
409519
408397
409523
409524
389215
386932
409518
394953
403981
383438
391526
409516
405090
384614
393814
406199
388086
408386
389225
409525
383441
402885
400654
390372
410647
407293
403968
388077
410650
410649
408398
382279
410646
410651
409526
407280
410648
382278
408385
401780
385766
401766
386940
410652
410653
403982
389226
410645
405076
409515
383442
382277
384615
399525
402871
410654
409527
382280
392677
408399
400655
410644
409514
406185
406200
405091
410655
388087
381151
407294
401781
403983
391527
381150
396089
410643
397242
384609
411787
394954
398386
383443
411785
382281
411790
411791
411789
399526
408384
411786
402886
411792
409528
386931
407279
411788
410656
386941
406184
385774
388088
381149
381152
411793
394955
380006
409513
408400
410657
411784
382282
398387
407278
380005
385765
411794
399527
393815
412939
412936
406201
407295
412938
390373
409529
400656
411795
405092
411783
396074
412937
411796
412935
381153
412941
412940
409512
399511
394939
383437
412942
408383
380004
389227
401782
410642
391528
408401
411797
405075
396090
385775
412934
397243
386942
398388
384616
390374
402887
378848
384608
410658
378847
412943
380007
405093
392678
410641
411798
412933
412944
398371
403967
397227
414075
381154
403984
409530
382276
411782
414077
412946
412945
383444
414074
382283
378846
414076
407296
396091
412947
400640
397244
394956
406202
410659
401765
414079
410640
414073
409511
380008
411799
414078
414080
393816
377688
408402
414081
411781
402870
383445
378849
377687
400657
414082
412948
409531
414072
384617
385776
389228
403985
381148
407277
384607
399510
401783
407297
411800
383436
411780
406203
412949
377686
414071
380003
414084
402888
414085
382284
380009
414083
378850
261175
261176
262365
262366
259999
262364
263554
261177
260001
262367
264749
263553
260002
258810
260000
258811
264748
265951
258809
257619
265950
258808
257620
261178
262368
263555
256423
256424
264747
264750
267156
265949
263552
257618
265948
267157
257617
263556
267155
256422
265947
267158
256421
264751
263557
268358
268359
265952
260003
267154
258812
268360
257621
269560
256425
268357
265946
261179
268361
269559
262369
269561
265953
264752
267153
268356
265945
260004
265954
258813
261180
269562
270752
257622
270751
262370
267152
269558
268355
256426
267159
263558
260005
269557
267160
270750
271950
264753
271949
268362
270749
263551
265955
270753
270754
264746
271948
268363
269563
261181
264754
262371
269564
256427
273145
271947
273144
263559
273143
271951
267161
271952
265956
273142
269565
273146
270755
273147
274333
270756
274334
270757
267162
274332
268364
263560
271953
263550
264745
271954
264755
261182
273141
268365
258814
257623
267163
262372
269566
275526
271955
274335
274336
274337
273148
275527
273149
274331
275528
260006
275525
276740
275529
265957
274338
263561
274330
276739
268366
269567
260007
264756
261183
270758
273140
258815
257624
273150
262373
276741
275530
256428
265958
275531
263562
274329
275523
275524
269568
270759
276742
276738
274339
264757
271956
273139
276737
263549
264744
274340
267164
276743
276744
271957
277927
276745
275532
277928
273151
275533
268367
277926
267165
275534
258816
257625
273152
256429
270760
265959
276746
277930
274341
279130
277929
276747
279129
271958
279128
277932
277931
260008
277933
261184
277934
262374
269569
279132
268368
279131
273153
276748
267166
280349
280348
274342
279133
270761
269570
280347
277935
275535
268369
277936
274343
280350
271959
263563
279134
275536
277937
280346
279135
279136
264758
260009
280352
280351
261185
279137
276749
258817
262375
265960
273154
279138
263564
276750
281547
281548
279139
280353
281546
270762
280354
264759
281549
269571
280355
273155
277938
280345
280356
257626
256430
271960
270763
282745
282747
281551
267167
281550
282748
281545
260010
282746
274344
261186
257627
258818
280357
265961
275537
268370
262376
282744
277939
281552
281553
263565
281554
283947
274345
281555
264760
275538
279140
282749
281556
276751
283948
265962
283946
271961
283949
279141
256431
255235
280358
282751
282750
283950
273156
267168
280344
269572
285143
281557
257628
258819
285142
268371
285145
282752
282753
270764
275539
283952
282754
285144
285146
283951
281544
267169
280359
285141
282755
277940
286333
271962
282756
286332
283953
281558
256432
286335
282743
285148
273157
281559
286334
285147
286336
276752
285140
269573
286331
280343
280360
283954
283955
283945
285149
260011
287537
270765
283956
261187
287539
277941
287536
283957
262377
286338
274346
286337
287538
281543
283942
287540
286330
279142
263566
271963
287535
281560
287542
264761
285150
282757
287541
285139
285151
279143
286339
276753
285152
288723
265963
273158
282742
282758
288725
285138
285153
287534
283958
288722
288724
288726
288721
286329
277942
286340
288728
283944
288727
286341
260012
287543
286342
287544
275540
274347
261188
288720
268372
287545
258820
286343
280361
289919
262378
285154
289917
286328
282759
289916
279144
289918
289920
267170
269574
287533
283959
287532
275541
264762
274348
280342
289922
289915
289921
288719
289914
258821
288729
287546
288730
291102
288731
256433
257629
286344
291101
291104
281542
289923
291103
291099
285155
291100
288718
263567
289913
280362
276754
291098
291105
283960
260029
260030
260031
261206
261205
261207
258835
261208
260028
257640
258837
258836
260032
260027
262398
261209
258834
257639
262399
261204
256453
260033
257641
262397
256452
258838
257638
261210
258833
257643
262401
257642
262396
261211
256454
262395
260034
256450
258839
256451
262402
257637
261212
258840
256449
260035
256455
258832
255257
255254
255256
256456
255255
262403
257636
257644
262394
260026
256448
255253
261213
263592
260036
257645
254064
255252
254067
262404
254066
254063
254065
255251
258841
256447
261214
260037
258831
256457
254062
254061
257635
258842
261203
255258
256458
262405
260025
255259
254068
255250
261215
260038
255260
257646
254060
261202
258843
256446
260039
262406
257647
263591
261216
258830
252886
255249
254059
254069
256459
252880
260040
254070
262407
255261
263590
252881
256445
252879
261217
256460
252878
261201
262393
263594
252884
252885
258844
252883
252877
252882
251684
263593
257648
262392
251681
263595
262408
258846
260024
263589
251682
262400
263588
251683
258845
263587
261218
260041
254071
250496
263596
257649
255262
251688
251689
251687
254072
252887
258847
251690
251686
262409
257651
252888
252876
256461
251685
251680
263597
250498
261219
260042
257650
254073
250495
263598
264786
249318
264787
250497
263586
258848
249317
262391
256462
257652
263585
262410
248134
264789
250503
250502
263599
250504
252891
250501
251691
248133
261220
260043
250500
255263
256463
251692
264790
264785
250499
252889
258849
264792
257653
252892
265997
260044
246962
264788
250494
264791
251679
256465
255264
252890
263600
262411
265996
252875
248132
264793
260023
256464
261221
262412
249315
249316
250505
258850
257654
246961
245791
261200
250506
264784
256466
248131
260045
264794
264783
265999
264782
249320
263601
245790
254074
262413
246960
249319
261222
252893
244638
258851
257655
264795
258852
249323
256467
249322
248135
255265
249321
244637
260046
245789
254075
261223
263602
265992
246964
250507
260022
264796
251693
262414
248136
266001
260047
257656
257657
255266
246963
256468
244636
258853
243506
264781
261199
263603
251694
249324
246965
249325
264780
249326
248139
248140
248138
261224
251695
255267
248137
262390
265991
265990
262415
265993
243505
265989
255269
246968
257658
242368
256469
246967
265994
260048
246966
258854
264797
263604
266002
245792
250508
254076
264798
255268
266003
252895
250509
261225
255270
264799
248141
245793
262416
266004
249327
243507
256471
256470
263605
257659
248142
254077
242367
246969
252894
260049
252896
258855
246970
261198
254079
265988
264800
261226
266005
255271
244639
265987
245794
241210
254078
262389
252897
265986
256472
241211
257660
254080
243508
244641
263582
242369
255273
258856
260050
244640
261227
262417
264801
255272
248143
250510
249328
266006
254082
246971
245796
245797
252898
245795
243509
249329
240059
251696
254081
260051
258860
256473
252900
263583
257661
255274
261228
262418
258857
251697
252899
254083
241212
243510
252902
258858
265985
260052
262388
245798
252901
248144
256474
246972
263584
263581
255275
244643
258861
244642
244644
257662
254085
250511
261229
262419
248145
254084
249330
252903
233128
260053
233127
233129
263580
233126
258859
250512
255276
256475
231945
254086
261230
262420
245799
257663
231944
251698
258862
231946
231947
242370
231943
252904
260054
257664
233130
251704
246973
243511
243512
265998
243513
233131
258863
251701
251699
246974
237782
251703
231948
248146
255277
230779
242372
230778
254087
256476
231942
234311
230777
242371
260021
262421
933483
934579
933484
934580
933482
935671
933485
934578
932402
935670
935672
934581
933481
932403
934577
935673
932401
936757
933486
936758
936756
931323
934582
935669
932404
931324
934576
936759
936755
935674
933487
937853
931325
935668
937854
934583
936760
932400
937855
937852
932405
935675
936754
931326
932399
937851
937856
931322
938947
936761
938948
933488
931321
934584
938949
932406
937850
931327
938946
933480
937857
931320
935676
938950
938945
936762
940039
936753
933489
940040
940041
934585
932407
938944
938951
937858
934575
935677
937849
931328
930242
940036
940037
936763
940042
938943
941137
935667
930240
941136
933490
940038
938952
941138
941135
933479
930241
932408
934586
932398
930243
940035
937859
941134
941133
937848
935678
931329
940034
941132
936764
929154
940043
942237
942236
931318
942235
930244
941139
930239
942234
938953
942238
933491
929152
938942
931319
929155
934574
932409
934587
941131
936752
937860
929153
940033
942233
935679
931330
942232
935666
930245
930236
936765
943329
943328
929156
933478
928061
943330
932397
938941
943327
941130
941140
940044
942231
943331
929151
942239
933492
940032
930238
943326
934588
928062
938954
932410
928059
928058
930237
929157
928060
935680
937861
930246
929149
943325
931317
931331
932396
942230
941129
928063
944427
929148
943324
944428
944426
941141
942240
936766
938955
929158
933493
930235
944425
929150
932411
934589
942229
928064
930247
943332
938940
941128
928057
937847
943323
944429
931332
935681
928056
936751
930234
945527
929159
928065
940045
945526
928055
942228
944424
943322
937862
944430
941127
928066
937846
945528
930248
940031
942241
929147
933494
943333
945525
930233
944423
928054
933477
934590
926980
932412
936767
936750
931333
926981
935682
926982
945529
934573
925909
943321
929160
942227
944422
929146
925910
938939
945524
938956
928053
926983
937845
946627
930232
931316
946626
935665
937863
929144
930249
941126
932395
924826
946625
926984
928051
933495
924827
929145
940046
946628
943334
945530
928067
926979
943320
926986
945523
928052
934591
924828
942226
940030
929161
926985
925908
931334
932413
941142
930231
931315
935683
925911
945522
929143
936768
932394
946629
946624
924825
928050
944421
924824
925912
926987
933476
936749
922637
943319
928068
946623
941125
944431
925913
938957
938938
934572
923735
933496
923736
923734
925915
944420
929162
947729
947728
937864
923737
926978
934592
942225
929142
947727
946630
932393
932414
925914
921529
926988
935664
928049
921528
921530
925907
926977
930250
940047
942242
935684
922636
922635
946622
931335
925916
925906
925917
924830
922638
943318
924823
928069
940029
945521
926976
934571
947726
941143
938958
924822
925905
924832
947725
936769
937844
920431
944432
930230
923733
929141
920433
924829
926989
931314
924831
935663
941124
926975
933497
944419
945520
923738
928048
921531
924821
921527
923732
934593
925904
930251
925918
948818
942224
948819
936748
921526
933475
929163
948817
923739
922634
938937
924833
923731
926974
935685
948816
928070
932415
922639
937865
920432
947730
947724
922633
944418
926972
943317
925903
948815
920430
946621
937843
926990
922640
931313
931336
945531
942243
944417
922632
932392
936770
928047
926973
921532
925919
945519
922641
933474
933498
949896
924834
949897
936747
940028
930252
941144
949895
944433
919338
921533
929164
919339
919337
926971
944416
943335
938936
949894
948814
921525
947731
920434
924820
923740
934594
949893
937866
923742
920435
926991
930228
937842
929140
931312
930229
920429
690906
689691
692117
690905
689690
692116
693328
690904
688475
693327
692115
689689
688474
690907
692118
693326
688473
687268
694533
690903
689692
687267
692114
694532
689688
693325
690908
694531
692119
688472
687266
686063
693329
686062
695745
694530
693330
689693
688476
695744
695743
687265
686061
694534
690909
687269
692113
692120
695742
695746
684843
693324
686060
684842
696965
694529
688477
693331
690902
686064
689694
696964
684841
694535
687270
695747
696963
695741
696966
693323
688471
696967
687264
684840
683625
692112
689687
684844
683624
698161
694528
688478
698160
694536
696968
696962
686059
695748
690901
683623
698159
686065
695740
689686
684845
698162
698163
683626
687263
693322
694527
683622
688470
682410
682409
687271
698158
696969
692111
699353
696961
699352
682408
698164
689685
695739
683627
686058
684846
686066
684839
698165
699351
688469
690900
698157
696960
681176
687262
699350
681175
699354
699355
682411
699356
681174
683621
694526
700546
682407
700547
686057
693321
684838
699349
700545
690910
683628
692121
698156
682406
700544
699357
690899
700548
700549
693332
695738
679947
682412
679948
684837
683620
695749
679946
699348
689695
681177
688468
681173
700543
694537
692110
701734
696959
694525
700550
682405
689684
701733
687261
681172
701732
700551
701731
682413
696970
681178
692122
698166
701735
679945
701736
698155
700542
688479
678718
681171
678719
692109
693333
679949
690898
683619
695737
693320
678717
701730
695750
689683
690911
702916
701737
682404
694538
688467
696958
679944
699347
686056
699358
702915
702914
702913
696971
701729
687260
681170
678716
702917
687272
679943
702918
681179
698154
701738
679950
694524
677477
677478
689696
684836
702912
677476
700541
686055
678715
695736
692108
690897
678720
700552
693319
698167
702919
704101
704102
699359
689682
699346
690912
702920
704100
704099
696957
702911
683618
679951
701728
679942
692123
688466
696972
678714
688480
683629
686067
677475
704103
693334
704104
695751
687259
704098
698153
676256
700540
684847
677474
684835
676257
701739
676255
700553
677479
694539
678713
682403
678721
704105
686054
698168
705268
699360
705269
705267
701727
704097
681169
699345
704106
705266
702910
687273
683617
677473
684834
676254
678722
705270
689697
705271
705265
705272
702921
700539
677480
693318
700554
677472
705273
702909
694523
675023
679941
675024
682402
675025
676253
701726
695735
705264
706434
704096
681168
706435
704107
701740
706432
686068
692107
706433
682414
678712
696956
688481
690896
676252
675022
687258
689681
683616
702922
684848
682401
676258
706431
706436
706437
704095
699344
698152
688465
706438
702908
676251
675021
681180
677481
683630
702923
679940
704108
705263
673773
692106
706430
673772
693317
676259
696955
701741
694522
675020
705274
700538
677471
681167
687274
707601
678711
673774
682415
673771
707598
695734
686053
707600
686069
707599
698151
688464
704094
705262
675026
706439
684849
707597
690895
687257
706429
673770
707602
707603
701725
704109
684833
706440
689680
707604
699343
700537
705275
694521
679939
702907
707596
679952
695733
677470
676250
672529
676260
698150
673769
672530
705276
678710
705261
672531
696954
692105
693316
706428
708754
672528
690894
701724
675027
706441
681181
708755
708756
699342
708757
707605
686052
700536
675019
707595
708753
702906
704093
683631
699361
688463
672527
706442
682400
708758
708759
707606
683615
673775
698169
695732
702924
676249
687256
684832
708752
677469
675018
696973
706427
689679
701723
693315
708760
671283
