867788
868860
867789
866705
866706
868861
868859
869930
869929
869931
767551
766466
767550
767552
766465
768631
766467
768630
765365
767549
714665
714664
713508
715810
715809
713507
713509
712361
714663
716957
641653
642906
641652
640406
640405
642905
641654
644152
639159
641651
640366
639119
641613
637857
640365
642866
636602
639118
641612
637856
692234
691023
693444
694649
689808
693445
692233
695861
688593
691022
743965
742788
743966
742789
741601
741602
742790
741603
743967
747496
837546
838530
836557
839523
835579
838529
840538
836556
834614
837545
646847
648102
646848
646846
645594
648103
648101
645593
645595
646849
1091677
1092533
1091676
1091678
1092532
1092534
1093379
1091675
1091679
1093378
1027805
1026748
1027806
1028868
1026749
1028867
1027804
1028869
1026747
1025691
677739
678983
677738
677740
678984
676512
680210
678982
677741
678985
973385
973384
973386
973387
973383
972317
972316
972318
972315
972314
843521
843522
842468
844565
842469
844566
845602
842470
844564
843520
858967
860025
860024
857913
860023
858968
861085
857914
857912
861084
193230
194364
192091
193229
192090
194365
194363
193231
192092
195493
570379
571623
570378
569150
571622
569149
570380
572851
567916
572850
849595
849596
848572
848573
850618
849594
850619
850617
847557
849597
791484
790458
790459
791485
791483
792498
790457
789433
792497
789434
688242
687041
688241
687042
687040
688243
688240
685826
685827
685825
583693
584958
582418
584959
583694
582419
584960
583692
583695
582420
397234
396081
397235
398378
396082
398379
397233
396080
394945
398380
261175
261176
262365
262366
259999
262364
263554
261177
260001
262367
260029
260030
260031
261206
261205
261207
258835
261208
260028
257640
933483
934579
933484
934580
933482
935671
933485
934578
932402
935672
690906
692117
689691
690905
692116
689690
693328
690904
688475
693327
