867788
868860
867789
866705
866706
868861
868859
869930
869929
869931
865623
867790
871006
871007
871005
866707
868862
865624
871008
869932
869928
866708
872083
865622
872082
872084
868863
867791
864543
872085
871009
869933
865625
871004
866709
873157
865621
864544
866704
873158
872086
867792
867787
873156
871010
869934
873159
872081
873155
867786
864542
865626
868864
872087
868858
873160
869927
874237
873154
864545
874236
874238
864540
864541
874235
874239
866703
871011
873161
872080
871003
873153
872088
869935
867793
874234
874240
866710
864546
875320
867785
865620
875321
865627
875319
875318
873162
874233
868865
868857
875322
874241
871012
872089
869936
867794
873152
863471
875317
866702
866711
875323
863468
874232
874242
865628
876397
873163
868866
876396
875316
864547
864539
876398
875324
863470
869926
871013
865619
863472
863469
864538
873151
863467
872090
876395
869937
876399
872079
866712
876400
875315
874243
876394
875325
871002
862394
874231
869925
873164
868867
862395
862391
867795
877472
876401
863465
872078
877471
863466
876393
877470
862393
871014
872091
877473
875314
871001
864548
877469
865629
869938
867796
862392
862389
875326
874244
866713
862390
874230
877474
865618
864537
876402
868856
862396
861326
863462
861324
863473
873165
868868
877468
876392
871015
865630
877475
871000
869939
878544
861327
875313
878545
866701
878543
875327
863464
861323
868855
877467
872092
878546
861328
876403
861325
868869
862388
867784
864549
874245
869924
867797
863463
862387
877476
878542
876391
866714
873150
878547
767551
766466
767550
767552
766465
768631
766467
768630
765365
767549
767553
765364
768629
765366
768632
766464
766468
769712
765367
769714
768633
764285
765363
769715
767548
769713
764286
768628
766463
764284
767554
766469
764287
769711
770776
765362
765368
770774
770775
767547
769716
768627
764288
764283
766462
763205
770773
768634
767555
763206
766470
763207
769710
770777
765369
769717
763204
770778
763208
768635
770772
771829
764289
771828
771831
764282
768626
762121
771830
765361
762122
769718
769709
763203
762120
763209
767546
767556
766471
770771
762123
765370
771827
764281
770779
771832
763202
772903
772902
772905
762119
771833
764290
772904
768625
766461
768636
762124
771826
769708
770780
767545
761039
772901
765360
761038
769719
763210
770770
761040
772906
773966
773965
762118
766472
772907
767557
761037
764291
773968
763201
761036
762125
764280
765371
772900
766460
773967
761041
768637
771834
768624
771825
762117
769707
765359
773964
763211
759957
759955
759956
770769
759958
773969
771835
770781
762116
761035
773970
767544
773963
772899
766473
767558
772908
761042
765372
769720
766459
762126
759959
759954
761034
771824
775029
759953
763200
764292
765358
775030
764279
772909
769706
770782
768623
758869
768638
775032
761033
758867
773962
763212
775031
758866
758870
758868
761043
775028
770768
772898
759960
773971
762115
763199
775027
771836
759952
771823
758871
762127
764278
764293
773972
775033
758865
767543
776121
767559
766458
773961
759951
769705
758864
763213
762114
772897
757791
758872
772910
775026
714665
714664
713508
715810
715809
713507
713509
712361
714663
716957
712360
716958
712362
715808
713506
714666
716956
712359
711219
715811
711218
711220
714667
718131
713510
715812
718130
718132
711217
718133
714662
715807
710055
710054
713505
719290
710053
712363
716955
716959
718129
719289
719291
714668
716960
711221
715806
715813
710052
716954
719288
708896
712358
708897
720459
713511
714661
720458
710056
718128
720460
712364
708895
711216
708894
720457
716961
718134
714669
719287
708898
713504
714660
715805
715814
707747
718127
716953
707748
719292
707746
712357
721645
711222
707745
721646
719293
713512
721644
720456
719286
707744
712365
721647
710057
711215
708899
710051
706589
718135
720461
706588
716962
707749
721643
720455
720462
706590
713503
706587
710050
722813
719294
708893
711223
706586
722814
712356
721642
722815
718126
705422
722812
715804
710058
705423
716952
711214
705421
719285
722816
718136
722817
720463
706591
707743
708900
707750
723985
721648
722811
705424
710049
714659
718125
720454
708892
721649
719295
716951
721641
723984
723986
719284
704265
704264
705425
706592
704263
723987
706585
705420
715803
722810
720464
723983
707742
720453
714670
713502
718124
705419
723988
721640
723989
712355
704266
719283
708891
705426
703083
703084
723982
714658
711213
703082
706584
713513
725154
720452
716950
725153
722809
704262
721650
704267
715815
705418
707741
725152
704261
716963
703085
721639
715802
723981
714671
722818
713501
725151
703081
712366
701901
722808
701902
712354
701900
704268
725156
706583
641653
642906
641652
640406
640405
642905
641654
644152
639159
641651
644151
640404
642907
639158
642904
640407
644150
639157
641650
641655
642903
640403
645394
642908
637896
644153
645395
645393
644149
637897
639156
637895
639160
640408
645396
642902
640402
637894
646647
645392
641649
646648
644154
636642
644148
646646
639155
636641
636640
642909
639161
646649
646645
636639
637893
644155
645391
645397
641656
642901
640409
640401
647902
641648
647903
635389
639162
644147
635388
647901
639154
635387
645398
646644
636638
637898
646650
635386
647900
647904
645390
637892
649161
642900
649160
641647
640400
644146
635385
647899
646643
636637
649159
647905
634124
639153
637899
649158
646651
649162
645389
634123
637891
636643
634125
635384
647898
634122
649157
646642
641646
642899
636636
640399
644145
649163
650424
647906
635390
634126
639152
650423
650425
645388
637900
650422
637890
636644
641657
634121
649156
632869
647897
645399
642910
635383
646641
632870
649164
650421
636635
644156
641645
635391
632868
642898
640398
632871
644144
650426
639151
634120
649155
651679
651681
645387
651680
647896
651678
637889
632867
650427
650420
635382
632872
636645
631617
646640
646652
651677
636634
642911
635392
632866
640410
634119
649154
634127
642897
631618
631616
650419
639163
651682
644157
644143
641644
650428
639150
647895
640397
651676
635381
647907
645386
631619
652933
637888
631615
649165
645400
652932
652931
652934
646639
632865
636633
651683
631620
650418
649153
631614
651675
652930
634118
646653
642896
647894
644142
641643
640366
639119
641613
637857
640365
642866
636602
639118
641612
637856
644112
642865
644113
635349
645356
636601
642867
646609
645355
645357
641611
634086
641614
644114
644111
640364
639117
646610
635348
642868
637855
647864
642864
640367
645354
636603
639120
646608
641615
634085
644110
647865
637858
647863
649122
646607
649123
632832
632833
634087
635350
636600
647862
630319
649124
650386
645353
635347
640368
650387
631580
631581
639121
630320
637859
646606
650388
634084
649121
630318
636604
629069
651642
651643
632834
629070
647861
649120
635351
631582
651644
650385
630321
634088
652895
632835
627817
650384
652896
627818
629071
631583
651641
645358
649119
627819
647866
646611
644115
654152
626548
654153
626549
650383
652894
651640
649125
645359
642869
626550
646612
655406
650389
655407
652897
651645
647867
652893
654151
651639
644116
626551
625294
656661
650390
649126
641616
637854
656662
654150
625295
655405
645360
652898
641617
654154
642870
652892
651646
646613
624038
655404
654149
639116
624037
647868
640363
626552
649118
641610
645352
630322
625296
629072
647860
652899
642863
656660
627820
622781
646605
624039
642871
654155
655408
644117
656659
622782
655403
640369
639122
637860
636605
641618
625297
644109
655409
650382
654156
656663
624040
622783
656658
649117
656657
640370
627821
626553
639123
657917
647859
651638
659149
637861
656664
646604
622785
650381
621555
622784
635352
650391
656656
657916
655410
645351
652891
634089
649127
621556
659148
651637
651647
622786
639124
660384
629073
631584
636606
647869
692234
691023
693444
694649
689808
693445
692233
695861
688593
691022
687386
688592
686181
694650
689807
687385
686180
695862
697082
684961
697081
688591
698278
699469
698277
697083
683743
687384
684962
699470
684960
686179
692232
695860
683744
700663
693443
682528
700664
694648
682529
698279
681295
701851
697080
701850
683742
689809
695859
681294
681296
699468
698276
680066
703033
700665
688594
691024
699471
684959
703032
687387
700662
682530
701852
680067
704214
682527
678837
692235
686182
704213
701849
703034
693442
678838
683741
704215
705372
694647
683745
684963
697079
691025
703031
677597
705371
699467
706538
689810
678839
695858
687388
677598
705373
698275
677596
693446
692236
680065
682526
688595
700661
704212
707696
706537
706539
681293
681292
676371
676372
694651
707697
695863
678836
701848
689806
691021
686183
688590
694646
676370
705370
708846
689811
703030
677595
708847
697084
675140
680064
677599
692231
710004
675139
691026
676373
710005
692230
707695
704211
693441
678835
675141
706536
694652
693447
695864
681297
698280
692237
675138
673896
705369
711169
711170
677594
676374
703035
673897
680068
675142
691020
701853
708845
673893
677600
704216
699472
707694
672653
673898
700666
712312
673895
712311
672654
706540
705374
680069
697085
681298
678840
687383
694653
706535
689805
698281
672655
710006
708844
707698
682531
708848
671407
710003
713459
673894
713458
671408
683746
707693
701854
695865
693448
711171
699473
671409
684964
703036
672652
700667
710007
670171
678841
680070
704217
681299
670172
673899
743965
742788
743966
742789
741601
741602
742790
741603
743967
747496
748654
746326
749826
745140
750984
746327
747497
754431
736863
745141
734493
755549
748655
752138
749827
735679
750985
746328
756658
754430
754429
753302
745142
747498
755548
735680
734494
736864
755547
757744
752139
754432
748656
738052
749828
756657
756656
755550
739237
753303
758823
740424
756659
757745
750986
754433
759911
757743
729776
734495
757742
735681
728595
758824
743968
760993
728594
742791
752140
727409
756660
741604
739238
755551
759912
727410
736865
738053
757746
760994
753304
729777
758825
740425
759913
730957
745143
754434
760995
756661
764242
728596
738054
755552
743969
742792
757747
741605
746329
739239
765323
732142
765322
727411
733323
729778
747499
723898
766424
765321
745144
730958
722725
766423
740426
725066
726235
722726
742793
727412
723899
746330
732143
721556
767509
733324
767508
723897
725067
722727
743970
726236
721557
748657
727413
747500
741606
730959
720372
721558
768589
722728
768588
765324
768590
720373
749829
750987
734496
725068
721559
768591
732144
720374
728597
726237
745145
766425
769672
769671
736866
727414
769673
767510
752141
723900
720375
729779
753305
735682
730960
733325
769674
770734
770733
770735
758826
748658
749830
765325
766426
728598
729780
730961
764241
770736
723901
771789
771788
771787
734497
767511
768587
722729
771790
759914
762078
735683
721560
728599
768586
767507
769670
760996
771791
729781
763163
756662
766422
772863
736867
772862
750988
764240
772861
757748
722730
738055
769669
772864
837546
838530
836557
839523
835579
838529
840538
836556
834614
837545
839522
841548
833646
840537
835578
834613
838528
832692
842562
833645
839521
836555
835577
837544
841547
832691
831732
842561
840536
843618
837547
840539
836558
834615
841549
834612
831731
835580
833644
830763
843617
839524
838531
842563
844663
833647
840540
830762
837548
831733
841546
843619
841550
836559
844662
829800
831730
832693
842564
832690
845700
835581
839525
838532
844664
842560
829799
830764
829801
845699
843620
830761
845701
834616
840541
841551
846745
828839
831734
836560
843616
844665
846746
842565
830765
833648
845702
844661
829798
846744
839526
829802
845698
838533
843621
828840
837549
828837
832694
834617
847767
846747
845703
844666
847768
835582
833649
846743
827871
846748
828841
847769
830766
831735
848782
829803
832695
848783
848784
826909
827872
847766
841552
825952
849814
849815
825951
849816
825953
826910
840542
839527
848781
847770
846749
849813
838534
825954
842566
837550
827870
824980
836561
824978
850838
824979
850837
844667
848785
850836
835583
847765
845704
849812
826908
850835
834618
843622
848780
835584
840543
839528
841553
828838
849817
824056
845705
842567
851862
843623
847771
850839
846750
836562
844668
851861
824054
850834
824055
848786
828842
851863
829804
838535
830767
851860
834619
837551
833650
852899
827869
831736
849818
851864
852900
850840
833651
827873
824981
823134
832696
831737
852898
828843
847764
847772
832697
829805
848779
824057
840544
841554
825955
849811
853940
830768
823133
852901
826911
826907
646847
648102
646848
646846
645594
648103
648101
645593
645595
646849
646845
648100
648104
645592
645596
649361
646844
649362
646850
649360
648099
648105
645591
649359
649358
645597
649363
650626
644350
650624
650625
644351
644353
650623
646843
644352
648098
645590
648106
649357
650627
646851
645598
649364
650622
644354
651882
650628
651881
651880
649356
643107
648097
650621
646842
651883
645589
643106
651879
644349
644355
644348
651884
649355
646852
651878
643108
649365
643105
648107
653136
650620
653135
648096
646841
645599
651877
643104
650619
653137
645588
643109
649354
650629
654392
644347
654393
653134
641855
653133
651875
644356
641854
651876
650618
651885
646853
648095
645600
643103
641853
648108
644346
654394
646840
643102
645587
649353
653131
655647
641852
655646
653138
653132
651874
643110
644345
649366
650617
653130
641856
654391
655648
654390
648094
653128
646839
645586
641851
641850
650630
643101
644357
649352
655645
654389
654395
653129
644344
646854
645601
654387
656902
651873
656901
643100
654388
650616
641857
651886
655644
653127
654386
641849
643111
648109
643099
646838
644358
645585
640608
643098
655649
654385
648093
644343
651872
656903
653139
649351
641848
649367
655642
653126
654396
654384
658151
658152
655643
641847
650631
650615
640609
644342
655640
655641
640606
643097
655639
643112
641845
641858
651887
641846
656900
646837
640607
655638
658153
651871
655650
648092
649368
653125
639362
654383
649350
645584
640605
640610
639361
659383
650632
659384
653140
643096
639360
641844
650614
656899
1091677
1092533
1091676
1091678
1092532
1092534
1093379
1091675
1091679
1093378
1093380
1092531
1092535
1090809
1090810
1090808
1093381
1093377
1090811
1094237
1091680
1090807
1094236
1092530
1092536
1094238
1091674
1094235
1093382
1093376
1094239
1090812
1090806
1091673
1091681
1092529
1092537
1094234
1095095
1095094
1094240
1095096
1093383
1093375
1090813
1095093
1089944
1089948
1089945
1090805
1095097
1089943
1094233
1089946
1091672
1095092
1094241
1089942
1092528
1090814
1092538
1091682
1095098
1089949
1089947
1093374
1093384
1095938
1095937
1095939
1095099
1089941
1090804
1094232
1095091
1095936
1094242
1095940
1096678
1091671
1096677
1095935
1092527
1090815
1096679
1095090
1092539
1091683
1089939
1089950
1089940
1096676
1095941
1095100
1093373
1093385
1089084
1095942
1096680
1088236
1094231
1090803
1095934
1096675
1094243
1089086
1096681
1095943
1089085
1089081
1089082
1088233
1089087
1096682
1088234
1095089
1088237
1089080
1091670
1088232
1095101
1089083
1096674
1092526
1090816
1089938
1088235
1092540
1091684
1089077
1095933
1089951
1089079
1093372
1088229
1093386
1088231
1096683
1094230
1090802
1094244
1095932
1088238
1095944
1087376
1088239
1089078
1096673
1088230
1089088
1089076
1095088
1088228
1095102
1091685
1087377
1088240
1090817
1096672
1087373
1087374
1091669
1092541
1096684
1087372
1087375
1089952
1092525
1095931
1094229
1095945
1093387
1090801
1087379
1087371
1086495
1089075
1087378
1093371
1089937
1088227
1095087
1086496
1096671
1087370
1089936
1096685
1091686
1089089
1086497
1091668
1094245
1087380
1095930
1090818
1087369
1088241
1092524
1089074
1094228
1086493
1086494
1086499
1088226
1090800
1085612
1092542
1086492
1093370
1087381
1089953
1086498
1096670
1085609
1095086
1095103
1086491
1085610
1087368
1089935
1027805
1026748
1027806
1028868
1026749
1028867
1027804
1028869
1026747
1025691
1027807
1029912
1025692
1028866
1026750
1027803
1029913
1028870
1029911
1025693
1029914
1025690
1024634
1030959
1027808
1030958
1028865
1024635
1026746
1030960
1029915
1025689
1030957
1027802
1028871
1029910
1026751
1024636
1029916
1025694
1023575
1030961
1023576
1024633
1026745
1030956
1027809
1028864
1028872
1023577
1030962
1031999
1031998
1027801
1026752
1032000
1023574
1029909
1031997
1029917
1031996
1022503
1022504
1025688
1030955
1026744
1032001
1025695
1033029
1033028
1022505
1030963
1032002
1028863
1033030
1028873
1022502
1024637
1033027
1024632
1029908
1027800
1027810
1026743
1031995
1029918
1033031
1023578
1025687
1033026
1026753
1033032
1025696
1024638
1034061
1032003
1034060
1021428
1021429
1025686
1030954
1030964
1034062
1034059
1022506
1033025
1028862
1027799
1028874
1031994
1029907
1034063
1027811
1034058
1021430
1026742
1023573
1033033
1029919
1032004
1024630
1025685
1034064
1026754
1024631
1023579
1033024
1035093
1034057
1030953
1030965
1023572
1035091
1035092
1020356
1035090
1031993
1035094
1022507
1024639
1025697
1034065
1027798
1033034
1026741
1028861
1028875
1027812
1024629
1023580
1032005
1035089
1020355
1029906
1029920
1034056
1035095
1026755
1023571
1020357
1024628
1023570
1025684
1036109
1036108
1035088
1022501
1033023
1021427
1036110
1036107
1030952
1020358
1021431
1034066
1030966
1023569
1036111
1033035
1025698
1021426
1036106
1035096
1022500
1019290
1034055
1035087
1021432
1027797
1020354
1031992
1028860
1019291
1022508
1027813
1036112
1032006
1028876
1036105
1026740
1029905
1024627
1026756
1033022
1025699
1024640
1037126
1037125
1022498
1029921
1034067
1025683
1037127
1021433
1037124
1035097
1020359
1019289
1022497
1023568
677739
678983
677738
677740
678984
676512
680210
678982
677741
678985
680209
677737
680211
676511
678981
676514
680208
681439
680212
681438
678986
677742
681440
676513
676515
678980
680213
677736
681437
681441
675285
676510
680207
675286
682673
682672
681442
682674
678987
675287
680214
675284
675288
677743
682675
681436
682671
675283
676516
674040
674038
683888
682676
681443
683889
683887
674039
675282
675289
678988
682670
683890
680215
674041
677744
677735
683886
676509
676517
674037
678979
682677
681444
683885
685106
680206
672798
672797
685105
678989
672795
674042
677745
677734
676508
685107
675281
680216
672796
683891
678978
676518
685104
674036
681435
685108
675290
682669
682678
672799
680205
671554
671553
674035
671551
685103
674043
681445
671552
683884
686332
677746
678990
686331
681434
672792
686333
671555
683892
680217
676519
672800
680204
686330
670304
670305
675291
675280
676507
677733
685102
670302
672794
685109
683883
678977
670303
682668
681446
682679
686334
686329
674044
681433
676520
674034
671556
670306
675292
678991
677747
672801
687533
669077
683882
669078
680218
685101
682680
674033
686328
683893
687532
669076
685110
676521
681447
670307
674045
683894
671557
675279
671550
687531
687534
669079
682667
669075
686335
672791
686327
685100
675293
681432
672802
672793
685111
667858
678992
687530
667859
677748
680203
687535
674046
682681
667857
680219
683881
676506
677732
686336
678976
682666
688740
683895
671549
671558
686326
674032
681448
667860
667856
688739
687529
685099
670308
669080
685112
681431
973385
973384
973386
973387
973383
972317
972316
972318
972315
972314
973388
974450
973382
974451
974448
972319
974449
974454
972313
975529
973389
974447
972320
975530
974455
975528
973381
974452
973390
974446
972321
975531
972312
974453
976614
975532
971256
974456
975527
976615
973380
972311
975533
971255
976613
971253
974445
972322
973391
971258
971257
976616
975526
976617
970198
975534
971254
971259
974457
970197
971260
973379
972310
976612
971252
970196
975535
974444
971261
970194
972323
975525
970199
970200
973392
970195
977695
971263
969147
970201
976618
976611
971262
977694
969146
975536
978765
973378
974458
972309
970193
970202
976619
970204
978764
977693
969145
974443
975524
971264
978763
977696
969148
969149
970203
976620
973393
976610
977692
972324
970205
977691
975537
969150
969144
971251
978766
969153
971250
970192
976622
978762
969151
973377
974459
972308
979829
969142
979828
976621
969154
979827
969143
975523
969152
977690
971265
974442
978761
976609
979826
975538
970206
976623
977697
968101
968100
970191
972325
971249
978767
979824
968099
969141
979825
968096
977689
967045
967044
969155
973394
978768
973376
974460
968098
979830
972307
978760
967043
967040
979831
967042
965983
975522
968097
979823
976624
968095
978759
975539
965982
976608
974441
976625
970190
971247
965979
969140
967041
968106
975540
968102
965981
967051
971248
967039
968105
977688
979822
968103
970207
968107
980880
967046
969156
977698
971266
967050
967049
965980
968094
967047
973375
980883
968104
965978
965984
968108
980882
977701
843521
843522
842468
844565
842469
844566
845602
842470
844564
843520
844567
843523
845603
841454
841455
841456
845601
846648
846647
845604
844563
846646
844568
843519
846649
845605
842467
841457
845600
842471
847668
840447
847667
840446
842466
843524
843518
844562
846645
847669
845599
847666
839432
840445
840448
841453
846650
839431
842465
848683
848682
843525
841458
839430
841452
846644
844561
845598
839433
842472
847665
847670
848681
840444
840449
838439
844569
846643
845606
843517
848684
849715
839429
838438
844560
841459
846651
838440
849714
848680
847664
839434
842473
845597
849713
838437
844570
845607
847671
841451
843526
840450
846642
843516
848685
848679
846652
838441
849712
847663
841460
839435
849716
842474
838436
842464
844571
845596
844559
850735
850736
840451
849711
848678
838442
840443
843527
843515
845609
846641
842475
848686
850737
847662
846654
847672
850734
839436
837455
849717
841461
843528
845608
842463
844572
846653
837456
849710
846655
838443
844558
848677
840452
844573
851760
850733
845610
851762
845595
846640
839428
851761
837457
842476
847661
842462
839437
851759
841450
841462
849718
846656
844574
843529
837454
845611
849709
843514
847673
837458
838444
848676
851758
843530
844575
850732
852797
842477
852798
845612
841449
841463
845594
850738
846657
840453
847660
840442
848687
852796
844557
852799
839438
847674
847675
849708
846639
851757
847676
848675
848688
837459
838445
852795
841448
843531
845613
844576
847677
842478
850739
847678
836467
837453
838435
841464
837461
846658
840454
847659
858967
860025
860024
857913
860023
858968
861085
857914
857912
861084
856876
856875
861086
857915
858969
860026
857911
860022
858966
861083
856877
862153
860027
862152
855832
856874
858970
855831
861087
856873
857916
862154
855830
855833
856878
860028
857910
862151
858965
861088
856872
855834
858971
857917
863228
862150
856879
862155
855829
861089
860029
862149
855835
863227
862156
855828
858972
863230
863229
854796
863231
863226
857918
861090
856880
864303
864302
860030
862157
863232
864305
864304
862148
855836
864306
854797
858973
863233
864301
854795
864307
861091
863225
862158
853767
854798
862159
865384
860031
864308
865385
863234
856881
854794
857919
862147
864300
854793
865383
853768
865386
865387
855837
858974
854799
853769
864309
865388
865390
861092
863224
863235
865389
865382
862160
860032
864299
853770
865391
856882
864310
862146
852729
857920
853765
852730
852728
853766
855838
854800
863236
861093
863223
852731
865381
865392
866468
863237
853771
864311
866467
864298
866465
860033
858975
864312
856883
853764
866466
866469
857921
866470
862161
865393
866473
854801
852732
855839
866471
865380
866464
852726
861094
852727
863238
865394
866472
853772
866474
867551
864313
858976
866463
867550
867548
862162
851694
852733
867555
867549
865395
852725
854802
867547
866475
866476
867552
860034
851695
856884
867553
861095
867556
867554
853773
857922
866462
855840
850669
867558
867546
863239
858977
867557
865378
868623
852734
866477
862163
851696
868622
868620
864314
851693
854803
850670
868621
867545
860035
868627
193230
194364
192091
193229
192090
194365
194363
193231
192092
195493
193228
193232
194366
195492
195494
190953
192089
194362
195495
190954
190955
193227
196619
196620
195491
196618
192088
194361
192093
196621
190952
190951
195490
193226
190956
192087
196617
197732
189806
197731
194367
197733
189807
193233
194360
196616
197730
190950
189809
189805
188658
189808
192086
195489
197734
193225
197729
190949
198850
198849
188659
194359
195496
188657
198848
196615
196622
189804
198851
188660
194368
192094
193234
197728
192085
193224
198847
188656
187514
199975
187516
190948
192095
195488
190957
198852
189803
199974
186367
188661
199976
198846
194358
187517
187515
190958
187513
195497
186368
196614
188655
186366
186365
196623
199973
197727
195487
199977
194369
201107
186369
193235
187518
186364
185219
196613
199972
187512
201106
192084
190947
192096
198845
193223
185217
185220
189802
185218
199978
194357
201108
197735
201105
189810
188654
190959
186363
197726
184068
195498
185216
196624
184069
201104
185221
190946
184067
187511
199971
202242
201109
184066
184070
202243
198844
186362
185215
202241
201103
202240
192083
189801
195486
199970
184065
193222
182918
187510
202239
188653
202244
189811
197736
182919
201110
194356
182917
203383
198853
185214
196612
186361
182916
201102
195485
190945
182920
192082
203382
202238
189800
193221
184064
202245
187509
188662
188652
197725
203380
203381
185213
203384
182915
184063
202237
186360
204515
181776
181775
197737
203379
204514
198854
181773
198843
182914
203385
181777
194355
181774
570379
571623
570378
569150
571622
569149
570380
572851
567916
572850
569151
570377
571624
571621
567917
570381
572852
571625
569148
574078
572849
566681
569152
574079
567915
574077
567918
566682
570382
572853
567914
569147
566683
571626
575326
569153
575327
575325
567919
565461
566680
565462
572848
574080
570376
574076
571620
570383
566684
572854
564239
567913
565463
575324
566679
569154
570375
576564
567920
571627
576563
574075
564240
571619
574081
565464
576565
570384
572847
566685
575328
576562
564241
569146
563017
575323
566678
572855
571628
569155
563018
567921
564242
565465
572856
574082
574074
576561
575329
570374
570385
563019
566686
571618
577806
575322
565460
572846
575330
576566
561800
570373
571629
569145
577807
577805
564243
576567
561801
572857
567911
577808
563020
565466
567912
569156
567922
576560
569143
571617
565459
574083
570386
561802
570372
566687
577809
566677
569144
572845
577804
579072
567910
571630
575331
569142
571616
564238
576568
574073
579071
567909
572858
563021
564244
574084
566676
575321
561803
579073
570371
574085
569157
567923
579075
579074
567908
575332
572844
579070
565467
569141
566688
577810
576559
570387
577803
571631
574072
580320
571615
575320
580319
565458
576569
563022
572859
567907
572843
569140
574086
570370
566673
575333
571614
566675
564237
580322
569158
566674
567906
579069
580318
577811
576558
580321
576570
567924
577802
566689
566671
566672
580323
577812
574071
565468
570388
572842
575319
563016
571632
575334
579076
574087
579077
564245
570369
576571
569139
580317
849595
849596
848572
848573
850618
849594
850619
850617
847557
849597
847558
848574
850620
848571
851643
851644
847556
847559
846527
851645
849598
849593
848570
850621
846528
848575
851642
852680
850616
852681
846526
846529
847560
851646
852682
851641
849592
845489
849599
847555
850622
852679
845490
848576
850615
845488
851647
846525
845491
847561
852683
848569
846530
853722
853721
847554
853723
850623
844452
849600
845487
844453
848577
844451
852684
846524
852678
851640
851648
853724
845492
847562
846531
844450
853720
854750
845486
844454
849601
852677
848578
850624
843400
843399
845493
843401
852685
854751
853725
844455
846532
854752
844449
847563
851649
854749
854753
843398
853719
843402
846533
844456
845494
849602
848579
849591
850625
854754
842364
842365
847564
842366
843397
853726
850614
855784
845495
842367
851650
854748
842363
844457
852686
843403
848568
847553
855783
846534
855782
854755
849603
841351
848580
855785
853718
850626
842368
841350
847565
843404
841352
845496
852687
842362
844458
851639
841353
841349
842369
849590
844448
851651
846523
853727
856830
855781
854747
856831
846535
855787
856829
855786
844459
843405
850613
845485
848581
847566
855780
841354
843406
841348
846536
840340
842370
845497
840341
840342
849604
848567
847552
854756
840339
852688
840343
856832
841355
845498
852676
856833
844460
843396
853728
842371
843407
851638
840338
841356
840344
844461
846537
839328
842372
846522
855779
849589
857868
839329
857869
856828
843408
842361
857867
848582
847567
845484
839327
845499
856834
839330
791484
790458
790459
791485
791483
792498
790457
789433
792497
789434
792499
791486
791482
790456
792496
790460
789435
789432
793491
788397
792500
793492
792495
789431
790461
788398
789436
793490
788396
793493
791487
791481
793489
788395
787360
792501
788399
787361
787359
794494
790462
793488
788394
790455
787358
787362
789430
789437
791488
794493
786340
794492
792502
786341
787357
793494
786339
794495
791489
788400
794491
790463
786338
791480
790454
792494
786342
787363
789429
789438
788393
788401
786337
785310
785311
785309
787356
785308
789439
791490
792493
786343
785312
791479
787364
790453
790464
788392
794490
785307
791491
788402
793487
793495
786336
785313
792503
787355
786344
790465
789428
785306
784274
787365
784275
784273
789440
784276
788391
793486
784272
794496
786335
788403
784277
791492
787354
785314
786345
784271
792492
791478
794489
787366
790466
783235
792504
783236
785305
784278
786334
789441
783237
793496
783234
785315
783238
790452
788404
791493
786346
794488
789427
783233
784270
792491
792505
784279
785304
795500
793485
787367
783239
783232
790467
792506
794497
795499
782183
785316
782181
782182
789442
784269
783231
784280
790451
786347
788390
782184
783240
791477
788405
786333
791494
787368
795498
782180
790468
793484
787353
792507
782185
782179
784268
789443
788406
785303
785317
786348
793498
794487
783241
781112
781113
789426
793497
784281
795503
793499
795502
782178
781111
781114
793500
782186
792490
788389
787369
795501
783230
791476
781115
793483
791495
787352
785318
796486
782177
789444
688242
687041
688241
687042
687040
688243
688240
685826
685827
685825
687039
687043
689448
688244
685824
688239
685828
687038
684608
684607
687044
684609
685829
689447
684610
684606
685823
689451
688238
689450
688245
689446
687037
683390
683389
684611
684605
689449
688246
687045
683388
685822
689452
690664
685830
683392
683391
684612
689445
690668
683393
688237
690667
683387
682167
690665
684604
690663
682166
689453
687036
682168
690666
687046
684613
682170
683394
682169
690669
685831
689454
690662
683386
682165
680936
688236
688247
683395
680935
689444
682171
685821
680937
687035
684614
691876
690670
680938
687047
688248
691873
690661
682172
690671
685832
691877
689455
683396
682173
682164
680934
679709
680939
691879
679710
691874
691875
689443
679708
691878
679711
689456
687048
688249
688235
684615
685833
682174
680940
691872
684603
680941
679712
683397
690660
691880
691881
690672
687034
689457
691882
678478
678477
679713
685820
690673
691883
682175
678479
680942
680933
678476
693084
679714
688250
691871
693081
678480
679707
683385
691884
693085
690674
684616
683398
687049
680943
689442
685834
682176
678481
693083
693082
689458
684602
679715
690659
677241
690675
678482
677240
677242
693092
691870
693080
684617
680932
680944
687050
679706
679716
688251
691885
685835
682163
693093
677239
689459
678483
677243
683399
693090
678475
693089
693091
688234
677238
694302
690676
682177
683384
693088
693094
693095
690658
676019
691886
689460
677244
679717
694303
676018
691887
693087
693079
695515
687051
676020
678484
688252
583693
584958
582418
584959
583694
582419
584960
583692
583695
582420
582417
584961
582416
586227
583691
583696
582421
586228
584957
586226
587494
587495
581152
581150
584962
586229
581151
587496
583690
583697
581153
582422
586225
579905
584956
588752
584963
581149
588751
579907
588753
579904
579906
582415
582423
583698
587497
586230
581154
588754
579908
587493
581155
586224
579909
578662
578661
582424
579910
581156
584955
578664
584964
579903
578663
586231
581148
578660
579911
581157
587498
587492
590014
588755
582414
583699
579912
578665
587491
588750
581159
578666
578659
579902
581158
590015
578667
579913
587499
588756
583689
582425
586232
590016
578668
590013
581147
583700
581160
584965
578670
588749
578658
579915
591290
579901
579914
591291
578669
590012
577396
583688
582413
578672
578671
590017
581161
577395
577403
581146
584966
591292
577393
579916
577406
577394
587500
577397
577398
577405
590011
591293
577402
577399
588748
578673
577404
586233
576159
582426
588757
577400
583701
577392
590018
581162
582427
576162
576163
584954
576161
573674
577401
581163
576152
577407
592539
579917
591289
577391
584967
577408
576160
576151
592541
578657
576156
579918
591294
586223
573671
574921
592538
587501
578674
583687
574924
576157
574925
577390
592540
574923
573673
578675
573675
586234
588758
576164
576153
573672
583702
576154
576148
574922
572445
591288
582428
576149
574918
572443
592542
576155
576158
579900
581164
590019
577409
572442
583703
584968
574919
576150
579919
591295
577410
574926
571216
581145
576147
573676
397234
396081
397235
398378
396082
398379
397233
396080
394945
398380
394944
397236
399519
394946
398377
396079
394947
393806
399518
397232
393805
397237
396083
398376
400648
399520
394943
399517
398381
396078
394948
393804
400649
399516
393807
397231
392668
396084
398375
393808
392669
392667
401774
401773
400647
400650
399521
400646
393809
397238
396085
401775
401772
398382
400645
391519
402878
402879
392670
401771
399515
394942
391518
392671
400644
391520
402877
402880
392666
393803
403975
402876
394950
394949
399514
390365
403976
392672
390364
391517
390366
401770
401776
403974
403977
391521
397230
398374
403973
396077
389220
389219
405083
389218
399522
401769
391522
403972
402875
405084
402881
393810
390363
400643
390367
405082
400651
405085
393802
396086
391523
405081
398383
392673
401768
390368
388081
405080
388082
403978
392665
394941
402882
388080
401777
393811
405086
406193
389221
389217
390369
406192
400652
406194
389222
402874
397239
398373
397229
391516
394951
396076
405087
403979
406195
386935
399523
399513
406191
386936
389223
401778
388083
405079
386934
406190
400642
403971
402873
390362
407286
388084
392674
407287
406189
396087
397240
402883
398384
406196
407288
388079
399512
403970
407289
405088
407285
394940
393812
402872
385769
386937
407284
385770
389216
391524
400653
403980
385768
393801
391515
406197
407283
407290
405078
401767
388085
398372
397228
394952
406188
390370
386933
392664
396075
399524
391525
386938
390361
385771
407291
384612
400641
384611
406187
405089
408394
389224
408392
392675
261175
261176
262365
262366
259999
262364
263554
261177
260001
262367
264749
263553
260002
258810
260000
258811
264748
265951
258809
257619
265950
258808
257620
261178
262368
263555
256423
256424
264747
264750
267156
265949
263552
257618
265948
267157
257617
263556
267155
256422
265947
267158
256421
264751
263557
268358
268359
265952
260003
267154
258812
268360
257621
269560
256425
268357
265946
261179
268361
269559
262369
269561
265953
264752
267153
268356
265945
260004
265954
258813
261180
269562
270752
257622
270751
262370
267152
269558
268355
256426
267159
263558
260005
269557
267160
270750
271950
264753
271949
268362
270749
263551
265955
270753
270754
264746
271948
268363
269563
261181
264754
262371
269564
256427
273145
271947
273144
263559
273143
271951
267161
271952
265956
273142
269565
273146
270755
273147
274333
270756
274334
270757
267162
274332
268364
263560
271953
263550
264745
271954
264755
261182
273141
268365
258814
257623
267163
262372
269566
275526
271955
274335
274336
274337
273148
275527
273149
274331
275528
260006
275525
276740
275529
265957
274338
263561
274330
276739
268366
269567
260007
264756
261183
270758
273140
258815
257624
273150
262373
276741
275530
256428
265958
275531
263562
274329
275523
275524
269568
270759
276742
276738
274339
264757
271956
273139
276737
263549
264744
274340
267164
276743
276744
271957
277927
276745
275532
277928
273151
275533
268367
277926
267165
275534
258816
257625
273152
256429
270760
265959
276746
277930
274341
279130
277929
276747
279129
271958
279128
277932
260029
260030
260031
261206
261205
261207
258835
261208
260028
257640
258837
258836
260032
260027
262398
261209
258834
257639
262399
261204
256453
260033
257641
262397
256452
258838
257638
261210
258833
257643
262401
257642
262396
261211
256454
262395
260034
256450
258839
256451
262402
257637
261212
258840
256449
260035
256455
258832
255257
255254
255256
256456
255255
262403
257636
257644
262394
260026
256448
255253
261213
263592
260036
257645
254064
255252
254067
262404
254066
254063
254065
255251
258841
256447
261214
260037
258831
256457
254062
254061
257635
258842
261203
255258
256458
262405
260025
255259
254068
255250
261215
260038
255260
257646
254060
261202
258843
256446
260039
262406
257647
263591
261216
258830
252886
255249
254059
254069
256459
252880
260040
254070
262407
255261
263590
252881
256445
252879
261217
256460
252878
261201
262393
263594
252884
252885
258844
252883
252877
252882
251684
263593
257648
262392
251681
263595
262408
258846
260024
263589
251682
262400
263588
251683
258845
263587
261218
260041
254071
250496
263596
257649
255262
251688
251689
251687
254072
252887
258847
251690
251686
262409
257651
252888
252876
256461
251685
251680
263597
250498
261219
260042
257650
254073
250495
263598
264786
249318
264787
250497
263586
258848
249317
262391
256462
257652
263585
262410
248134
264789
250503
250502
263599
250504
252891
250501
251691
248133
261220
260043
250500
255263
256463
251692
264790
264785
250499
252889
258849
264792
257653
252892
265997
260044
246962
264788
250494
264791
251679
256465
933483
934579
933484
934580
933482
935671
933485
934578
932402
935672
935670
934581
933481
932403
934577
935673
932401
936757
933486
936758
936756
931323
934582
935669
932404
931324
934576
936759
936755
935674
933487
937853
931325
935668
937854
934583
936760
932400
937855
937852
932405
935675
936754
931326
932399
937851
937856
931322
938947
936761
938948
933488
931321
934584
938949
932406
937850
931327
938946
933480
937857
931320
935676
938950
938945
936762
940039
936753
933489
940040
940041
934585
932407
938944
938951
937858
934575
935677
937849
931328
930242
940036
940037
936763
940042
938943
941137
935667
930240
941136
933490
940038
938952
941138
941135
933479
930241
932408
934586
932398
930243
940035
937859
941134
941133
937848
935678
931329
940034
941132
936764
929154
940043
942237
942236
931318
942235
930244
941139
930239
942234
938953
942238
933491
929152
938942
931319
929155
934574
932409
934587
941131
936752
937860
929153
940033
942233
935679
931330
942232
935666
930245
930236
936765
943329
943328
929156
933478
928061
943330
932397
938941
943327
941130
941140
940044
942231
943331
929151
942239
933492
940032
930238
943326
934588
928062
938954
932410
928059
928058
930237
929157
928060
935680
937861
930246
929149
943325
931317
931331
932396
942230
941129
928063
944427
929148
943324
944428
944426
941141
942240
936766
938955
929158
933493
930235
944425
929150
932411
934589
942229
928064
930247
943332
938940
941128
928057
937847
943323
944429
931332
935681
928056
936751
930234
945527
929159
928065
940045
945526
690906
692117
689691
690905
692116
689690
693328
690904
688475
693327
692115
689689
688474
690907
692118
693326
688473
687268
694533
690903
689692
687267
692114
694532
689688
693325
690908
694531
692119
688472
687266
686063
693329
686062
695745
694530
693330
689693
688476
695744
695743
687265
686061
694534
690909
687269
692113
692120
695742
695746
684843
693324
686060
696965
684842
694529
688477
693331
690902
686064
689694
696964
684841
694535
687270
695747
696963
695741
696966
693323
688471
696967
687264
684840
683625
692112
689687
684844
698161
683624
694528
688478
698160
694536
696968
696962
686059
695748
690901
683623
698159
686065
695740
689686
684845
698162
698163
683626
687263
693322
694527
683622
688470
682410
682409
687271
698158
696969
692111
699353
696961
699352
682408
698164
689685
695739
683627
686058
684846
686066
684839
698165
699351
688469
690900
698157
696960
681176
687262
699350
681175
699354
699355
682411
699356
681174
683621
694526
700546
682407
700547
686057
693321
684838
699349
700545
690910
683628
692121
698156
682406
700544
699357
690899
700548
700549
693332
695738
679947
682412
679948
684837
683620
695749
679946
699348
689695
681177
688468
681173
700543
694537
692110
701734
696959
694525
700550
682405
689684
701733
687261
681172
701732
700551
701731
682413
696970
681178
692122
698166
701735
679945
701736
698155
700542
688479
678718
681171
678719
692109
693333
679949
690898
683619
695737
693320
678717
701730
695750
689683
690911
702916
701737
682404
694538
688467
696958
679944
699347
686056
