966120
966119
967394
964821
966121
967393
964820
967395
968679
966118
964822
968678
967392
964819
963513
963512
966122
968677
964823
966117
969973
967396
963511
968680
969972
967391
964818
963514
968681
968676
966123
969971
962206
962205
963515
967397
969974
971251
971250
962204
964817
963510
966116
964824
967390
969970
969975
971252
971249
962207
968675
968682
962208
963509
972531
963516
972530
962203
964816
971253
966115
971248
967389
969969
972532
972529
969976
968674
960901
960900
964825
966124
962202
963508
960899
967398
971247
972528
972533
962209
964815
971254
969968
973813
968683
966114
959607
973814
959606
959608
973812
960902
963517
963507
964826
962201
966125
959605
967388
967399
968673
960903
973811
960898
972527
972534
971246
958306
958305
964814
973815
958307
960904
963518
958304
966113
960897
962200
959609
973810
495744
495743
497011
495742
497010
497009
498280
498279
495741
498278
499572
497008
499571
499573
495740
498277
497007
500872
500871
494462
495739
498276
500873
500870
497006
499574
494461
499570
493200
499569
499575
498275
495738
500874
502165
497005
493199
494460
502166
499576
499568
500875
491906
500869
494459
502167
495737
500868
498274
493198
499577
497004
491905
500876
499567
503476
493197
494458
502164
502168
503477
500867
498273
502163
495736
491904
503478
493196
502162
497003
491903
491902
499566
494457
503474
500866
498272
504761
493195
503479
504762
503475
502159
503473
495735
499565
494456
497002
502161
491901
504763
493194
500865
499564
504760
490585
498271
502158
504759
502160
500864
491900
504764
495734
490584
497001
499563
504758
494455
493193
500863
503472
502157
503471
490583
498270
489296
491899
490581
495733
924579
924578
924580
925881
923265
925880
923266
924577
925879
925882
925878
924581
923264
923267
924576
925877
927191
920645
921944
923268
923263
925876
920644
921943
924575
927192
919341
928494
920643
923262
921942
919340
928495
924574
925875
921941
923261
919339
921945
920642
925883
929791
920646
927190
929790
921940
928496
919338
924573
925874
927184
927193
918038
927185
927183
919342
920641
923260
918037
921946
931093
929792
918039
927182
919337
921939
925884
924582
918040
928487
918036
923259
920640
916727
927188
924572
931094
927187
927189
921938
916728
927186
925873
920647
919336
928486
920639
928493
928485
916726
918035
919343
916729
915398
919335
925885
924583
916730
923258
921947
921937
928492
924571
928489
916725
923269
929782
915397
920638
929781
929783
918034
925872
928488
927181
915399
914094
919334
928491
928490
567014
567013
568430
568431
568429
567015
567012
568432
567016
569844
568428
569843
569845
569842
568433
565609
565606
567011
567017
565607
569841
569846
565608
565610
565605
564247
569847
567010
568427
568434
564244
571277
564246
565611
567018
565604
564248
571278
564245
568426
571279
571280
569848
564242
564243
571276
562878
568435
565612
571281
564249
562877
572690
565603
572693
569840
564250
567019
562875
564241
569849
571275
562879
562876
572692
572691
571274
562880
569839
568436
572694
562873
571282
565613
562874
567020
562872
572689
567009
564240
565602
572695
562881
569850
572688
571283
574093
564251
562871
565614
572696
574092
574091
562882
564252
572687
574094
562870
574090
569851
565615
568437
568425
571284
574095
564239
575510
565601
567008
574096
572697
575508
561491
561492
575511
567021
561490
561493
575507
561489
1058226
1059512
1056936
1058227
1059511
1059513
1058225
1056935
1060830
1058228
1056937
1060829
1059514
1059510
1060831
1058224
1056934
1056938
1060828
1062119
1060832
1058229
1062118
1059509
1062120
1059515
1055604
1058223
1056939
1062117
1060827
1055603
1060833
1062121
1054299
1063410
1056933
1063409
1054298
1063411
1062116
1055602
1055605
1059508
1062122
1058222
1055606
1063408
1060826
1059516
1063412
1054300
1053026
1054297
1060834
1056940
1058230
1054301
1053025
1055607
1055601
1056932
1063407
1062115
1064716
1063413
1064715
1053027
1054302
1062123
1053024
1064717
1054296
1053028
1064714
1058221
1064718
1060825
1059507
1058231
1063406
1055600
1064713
1060835
1059517
1053023
1056931
1063414
1064719
1062114
1056941
1054295
1065999
1065998
1055608
1066000
1053029
1062124
1064712
1058220
1065997
1060824
1066001
1053022
1051735
1059506
1055599
1064720
1063405
1059518
1060836
1051734
1065996
1056942
1056930
1054294
1058232
1062113
1063415
1066002
896783
898116
895433
896784
895434
898115
899437
896782
898117
895432
894086
894087
899438
894085
900750
892735
894088
892736
899439
894084
894089
892734
900751
892733
896785
902053
902052
895435
891381
892737
891382
900749
899436
894090
903361
895436
898118
891383
900752
892732
892738
891380
895438
902054
891379
903362
896787
896786
898119
903360
894091
895437
896788
902051
896789
898121
900748
904676
904677
895439
891384
903363
890016
892739
898122
904678
890019
890015
898120
902055
891378
904675
888657
898123
896790
895440
903359
890017
905989
890018
890020
888658
905990
895431
899445
888656
896781
891385
899440
899435
904679
898114
887300
902050
905988
888659
905991
890014
888660
887301
904674
905987
899444
888661
907299
907298
898124
890021
887302
903364
896791
900758
895441
894092
907300
899446
903358
894083
892740
900747
535043
536415
535042
535044
536414
535045
537782
536416
536417
537783
539166
533651
539167
540532
537784
540533
532311
539168
530976
533652
541903
540534
532312
530977
541904
543303
532313
543304
530978
533653
541905
544674
543305
544675
550213
546058
547460
551615
550214
544676
548830
537785
547459
546057
548829
551616
546056
548828
550215
550212
553001
551617
539169
547458
548831
550211
553002
550210
547461
553003
540535
548832
547462
554406
554405
554404
546059
537786
539170
548833
550216
546060
555825
555826
536418
555824
547463
540536
551618
544677
553004
554407
541906
550217
546070
543306
537787
551619
535046
557190
546069
555827
546068
557189
546061
541907
544687
544686
533654
557188
543307
554408
550218
553005
547472
532314
543315
539171
536419
544678
544688
557191
540537
535047
555828
530979
543317
547471
548834
543316
803313
803314
801857
804774
804775
803312
804773
803315
801858
804776
806231
806232
801859
803311
801856
800400
800399
806233
803316
804777
800398
801860
806230
807689
807690
801855
804772
800401
806234
807691
800397
806229
803317
807688
800402
804778
798936
807692
809153
798935
809154
809152
798937
806235
801861
803310
809151
801854
798934
800403
803318
807693
809155
807687
804779
800396
810613
810614
797490
798938
801862
806236
797489
810615
798939
804771
810612
809156
807694
797488
809150
810616
797491
800404
803319
797492
812070
804780
797487
796047
798933
809157
803309
812071
810617
801853
812069
806237
796046
801863
798940
810611
800395
796048
807695
796049
806228
797486
812072
796050
796045
798941
803320
798932
797493
812068
804781
810618
809158
800405
813539
804770
801864
801852
806238
812073
813540
796044
797485
807696
1007048
1005829
1005830
1008284
1007049
1007047
1008285
1005828
1004588
1005831
1004589
1009530
1004587
1007050
1008283
1004590
1003348
1007051
1009531
1003349
1009529
1005832
1008286
1010759
1003347
1004591
1003350
1004586
1010760
1003346
1009532
1002106
1005833
1007052
1008287
1002107
1002105
1003351
1009528
1002108
1004592
1011986
1010761
1011987
1002104
1010758
1003352
1002109
1008288
1005834
1007053
1000862
1000863
1000861
1011988
1009533
1004593
1013220
1013221
1000860
1002110
1000864
1010762
1003353
1010757
1005827
1000865
1008289
1007046
1013222
1005835
1003345
1007054
1009534
1008282
1004594
1002111
1011985
999620
999619
1000866
1014457
1014458
999621
1010763
999618
1002103
1003354
1000859
1011989
999622
1014459
999617
1008290
1000867
1002112
1009535
1013219
1007055
999623
1005836
1004595
1013223
1010764
1011990
1005826
1003355
1004585
1003344
998385
998384
998386
1000868
999624
1015710
1000858
998383
999616
998387
1008291
950439
950438
951720
950440
951719
951721
949130
950441
949129
952994
951718
952995
951722
952993
949131
950437
949128
947834
947835
952992
952996
954258
950442
947836
951723
954259
954257
946534
951717
949132
947833
952991
949127
950436
952997
954256
946535
954260
947837
946533
946532
955526
955525
950443
955527
947832
954255
949133
946536
954261
952990
951716
951724
955524
947838
955528
949126
946531
956797
956796
950435
952998
947831
955523
954254
956798
946537
955529
950444
949134
952989
956795
951725
951715
947839
954253
955522
956799
950434
958099
946538
954262
946530
946529
958100
958098
956794
949135
945238
952999
945237
949125
955521
947840
945239
947830
945236
956800
954252
945234
945233
950445
958097
958101
956793
945240
952988
955530
951726
945235
946528
951714
959400
943938
946539
959399
953000
949124
959401
943936
806482
805025
807940
806481
807939
803564
809402
806483
809403
803563
805026
805024
810863
802107
802108
810864
807941
803565
809404
812319
800649
803566
800650
812320
813788
799186
802109
813789
802110
810865
815239
797739
815240
800651
799187
800652
812321
813790
816694
816695
815241
813787
796297
797740
815242
816693
815238
807938
812318
816696
809401
796298
799185
816697
818177
810862
818176
799188
794835
799189
813786
815237
806480
805023
818179
818175
800648
797741
803562
809400
818180
819659
797742
819658
810861
802106
816692
793384
794836
797738
796296
812317
796299
807942
799184
806479
807937
796300
805022
794834
819657
809405
800647
803561
809399
815236
821138
813785
797737
810860
802105
818174
806484
791923
821137
799183
793383
793385
816691
819656
806478
807936
805021
800646
796295
810866
794833
803560
797736
805027
804985
806442
804986
803524
806443
803525
804987
802068
804984
807900
806444
803526
807901
802069
803523
806441
807902
802070
802067
803522
807899
800610
800611
809363
804988
809364
806445
803527
802066
804983
809365
800612
800609
806440
807903
799147
800608
807898
799148
810824
802065
802071
810825
804982
809362
806446
803521
809366
806439
799149
810826
799146
804989
807904
803528
800613
799145
797700
802072
797701
810827
809367
800607
812281
809361
797699
812282
812280
807897
799150
804990
800614
797702
807905
806447
803529
810823
797698
810828
799144
802073
812283
809368
810822
796258
796259
799151
797697
797703
796257
800615
813750
813751
803520
812279
796260
812284
809360
810829
806448
796256
802064
813749
807906
813752
804991
803530
800606
794796
810821
794797
804981
809369
796261
812285
802074
797704
799152
794795
796255
720278
721743
718815
723215
720277
718814
721742
723216
724684
720279
721744
718816
726147
724685
723217
727614
726148
724686
729075
727615
726146
727613
730534
724683
726149
729076
723214
729074
730535
727612
730533
726145
731990
729077
727616
724682
731989
729073
720276
718813
721741
717351
717352
731991
723213
733443
730532
733442
724681
727611
731988
720275
718812
721740
730536
708578
726144
708577
712968
712969
715892
715893
723212
734911
729072
733444
714426
714427
710051
710050
733441
711512
711513
721745
734912
731992
720274
717350
718811
715891
734910
736380
714425
707119
707118
711511
720280
718817
730531
736381
731987
723218
721739
712967
733440
717349
734913
708576
710049
715890
736379
733445
737844
714424
721746
734909
737845
707117
724687
736382
705657
705656
708575
710048
737843
736378
726150
711510
739314
720281
726097
724634
726098
727564
727565
724635
726099
723165
726096
727566
724633
723166
723164
724636
729025
729026
729027
723167
724632
721691
727567
727563
726100
721692
730484
730485
723163
729028
726095
721693
721690
730486
724637
720226
727568
721694
730487
726101
723168
729024
720227
729029
726094
724631
727562
720228
720225
724638
721689
729023
723162
730483
730488
720229
723169
718763
727569
726102
718764
731941
721695
731940
731943
729030
731942
718765
720224
718762
724639
730489
718766
731944
720230
727561
730482
717301
729022
717302
718761
727570
729031
717303
723170
717300
733396
731945
721696
726103
733394
718767
733393
733395
730490
723161
731939
733397
717304
720231
715842
724640
717299
731946
733398
715843
721688
730481
726093
727571
723171
721697
715844
724630
715841
729032
726104
730491
718768
720223
733399
715840
642384
642383
643793
643792
645204
645203
642382
643791
646615
646614
645202
642381
648019
648018
646613
649434
649433
643790
648017
650863
650862
649432
645201
650861
646612
652288
652287
648016
652286
650860
649431
652285
653711
636734
653709
653710
636733
653708
639564
633906
639563
638151
655141
635322
655140
636732
633905
638150
655142
635321
640969
635320
640968
639562
633904
656565
656566
636731
638149
631078
642380
633903
632488
635319
643789
653707
640967
645200
656567
629661
631077
650859
632487
646611
639561
649430
638148
628238
629660
657996
648015
655139
642379
643788
652284
640966
628237
657997
653706
632486
633902
657995
631076
635318
656564
626814
648014
659437
628236
652283
629659
642378
645199
636730
650858
655138
649429
646610
626813
659438
657998
632485
659436
631075
628235
626812
635317
629658
659439
643787
639508
638095
639509
640913
640914
638096
636678
642325
642326
640915
639510
636679
638097
642327
635266
636677
643734
643735
638094
635267
636680
643736
639507
640912
633850
645145
635268
645146
642324
636676
633851
635265
639511
638098
645147
638093
640916
636681
635264
633852
642328
632435
633849
639506
632436
640911
646557
646558
643733
643737
646556
633848
636675
632437
635269
639512
638099
638092
640917
632434
645144
635263
631025
645148
636682
631026
647961
642323
642329
633853
646559
647962
647960
635270
643732
639505
640910
631027
633847
643738
639513
638100
632433
631024
629608
645143
629609
647963
645149
646555
649377
649376
646560
640918
632438
629610
633854
636683
642322
631023
642330
649375
629607
649378
635271
643731
632432
647959
643739
632439
647964
628186
628185
631028
638101
645142
633855
646554
636684
650806
585367
583941
583940
585366
582522
586776
582521
583939
588211
589643
586778
582524
582523
581116
585365
586777
581115
581118
581117
589644
591074
579687
579688
588210
579690
579689
591075
586775
588212
578256
591073
588209
578255
591076
592520
585368
586779
581114
592521
579686
583942
578254
592519
582520
589642
576843
576842
592522
589645
583943
589641
589646
576841
588213
593971
578253
593970
588208
588214
575420
579685
575419
581113
593972
585369
593969
576840
575418
582519
595422
591072
595421
583938
586780
589640
586781
583944
575417
595423
583945
596887
595420
596886
585364
585370
585371
592518
574002
591071
598324
596885
598323
574001
595424
583937
586774
592517
593968
576839
598322
591070
575416
578252
596888
572602
599752
599751
574000
572601
585363
592516
571187
599750
595425
572600
571186
593967
596889
598325
595419
632361
632360
630951
630950
633777
632362
632359
633776
633775
633778
630949
635195
629533
635194
629534
632363
635196
633774
632358
630948
633779
636607
629532
635193
630952
635192
636606
629531
636608
635197
632364
632357
630947
636605
633773
638022
636604
630953
628110
636609
638023
629530
633772
629535
628111
632356
628109
630946
638024
628108
635191
630954
633771
638020
629529
635190
638021
626687
629536
636603
639435
626685
639436
626684
626686
628107
632355
630945
639437
638025
638019
635189
629528
633780
639434
639438
635198
633770
636602
638026
625258
628105
628106
639433
636610
632354
630944
626683
625259
640841
640840
625256
625257
639439
629527
635188
626681
629537
638027
633769
640843
640842
639432
628104
635199
636601
628112
625255
626682
632365
639440
640839
636611
635187
632353
626680
630943
625253
640844
633781
1096848
1096847
1095461
1095460
1095462
1096846
1094082
1094083
1096849
1095459
1094081
1095463
1096850
1098226
1098225
1094080
1094084
1096845
1098224
1092720
1095458
1099627
1092721
1094079
1095464
1099626
1098227
1098223
1096851
1094085
1092722
1096844
1092718
1091340
1095457
1092719
1099628
1099625
1092717
1094078
1091341
1098222
1098221
1091342
1092723
1098228
1095465
1095456
1099624
1091338
1096843
1094086
1091339
1096852
1101042
1099629
1091343
1092716
1094077
1101041
1099630
1095466
1092724
1101039
1094087
1098220
1096853
1092715
1099623
1096842
1091337
1101040
1101043
1101044
1089987
1095455
1091344
1089989
1098229
1089986
1094076
1101038
1092714
1089988
1088629
1092725
1098230
1098219
1099622
1089985
1091345
1102429
1088631
1091336
1089990
1096841
1095467
1088630
1094088
1099621
1095454
1096854
1101045
1088632
1092713
1102428
1091335
1102426
1101037
1098218
1094075
1098231
1101036
1089991
1092726
1089984
1089983
1102427
1095468
1091334
1019295
1018054
1019294
1019296
1018055
1020526
1018053
1020527
1019297
1018056
1020525
1016813
1018052
1020528
1016812
1021741
1016811
1021742
1016814
1019293
1019298
1021740
1018057
1016810
1021743
1020524
1018051
1020529
1016815
1015556
1015554
1015553
1021739
1016809
1021744
1019292
1015555
1018058
1020523
1019299
1015557
1020530
1014310
1018050
1016816
1015552
1021738
1014311
1016808
1014309
1014308
1021745
1015551
1019291
1015558
1014312
1020522
1022956
1018059
1022957
1019300
1022953
1013071
1021737
1022955
1013072
1018049
1015550
1016817
1013073
1016807
1022958
1020531
1014313
1015559
1013070
1022954
1013074
1019290
1021746
1022952
1015549
1020521
1014307
1018060
1019301
1014314
1016818
1014306
1013069
1020532
1013075
1021736
1011831
1016806
1018048
1011832
1011833
1024183
1015560
1013068
1022959
1014305
1021747
1011830
1022951
1011834
1015548
1024186
1024182
1024185
1013076
1013067
1014315
1024187
1022960
1016819
1014304
1011835
1020533
962943
962942
962944
964241
961635
961634
964242
962941
961633
964240
960326
962945
961636
960325
964243
960327
965548
961632
960328
959038
964239
960324
965549
959039
965547
959040
966822
962940
961631
964244
957738
957737
959037
966821
965546
965550
957739
962939
959036
957736
964238
966820
956432
956431
960323
965545
966823
959041
956433
957735
968099
965551
968097
956430
961630
966819
957740
964237
968098
961637
962946
960329
956429
965544
966824
955168
955169
955167
969402
968096
959035
956434
966818
962938
969401
957741
964236
957734
960322
969399
965543
968100
955166
968095
961638
953899
966825
953900
960330
955170
962947
953898
969400
956435
959042
956428
966817
970679
962937
961629
960321
969398
970677
957742
968094
955171
970680
953901
970678
955165
956436
961639
952627
952626
970676
952625
969397
961628
959043
953897
903022
901722
903021
903023
901721
904340
900419
903020
901720
900418
904339
903024
901723
901724
900417
904341
904342
903025
903019
900420
901725
900421
899092
904338
899093
901719
904343
905654
905655
899091
903026
905653
900416
901718
903018
904337
897776
897777
905652
900422
901726
900415
899090
904344
897775
900423
905656
899095
901717
899096
899094
903027
905651
903017
896445
896444
896443
897779
897778
900414
901716
899089
896442
901727
900424
904345
899097
905657
899088
897774
900413
896446
901728
903028
895093
895094
905658
904336
897780
900425
904346
897781
901715
895092
899087
905659
900412
901729
903029
896447
904347
895095
895091
905650
895096
903016
896448
899098
897773
904335
893753
899086
905660
893754
899099
893752
897782
906956
906957
900426
900411
906955
906958
896441
901714
895097
897783
896440
905649
899100
536203
534822
536204
534823
536205
533430
537573
534824
533431
536202
534821
537574
533432
536206
537572
532088
534825
536201
533429
532089
538953
534820
538952
537571
537575
532087
533433
538954
532090
538951
533428
540318
536207
537570
538955
534826
530752
530753
540319
532092
532091
536208
533434
530751
530754
537576
540320
533427
538956
537569
530755
530750
532093
529409
529408
534827
540321
532086
537577
540317
529410
536209
529407
533435
538957
534828
536200
537568
530756
530757
540316
534819
529411
533436
529406
532094
538950
540322
528095
528094
537578
541690
540315
532095
528096
538958
529412
528093
536210
529413
530758
536199
534829
538949
534818
541691
528097
540323
528092
528098
533437
541688
541689
540314
541687
526784
537579
526783
526785
529414
532096
541686
538959
543086
541692
530759
528099
538948
532085
529405
282926
282925
281509
282927
281507
281508
284358
282924
281506
281510
285800
284357
280084
285799
282923
280085
284359
284360
281511
284356
282928
284355
280082
285801
280081
285802
281505
284361
278662
285798
280083
282929
285803
280086
285797
282922
278660
278659
284354
278661
287246
281504
278663
278664
285796
287245
282921
280080
281503
277247
287248
287243
284353
278658
287249
280079
287247
280087
277246
287244
278657
285795
277244
280078
288691
277248
288687
281512
275815
278656
278665
287242
277245
275814
288690
277249
275811
281513
287241
275812
281502
274379
282920
285804
275816
288689
278666
284362
288686
275813
290121
285794
287250
280088
282930
285805
277242
284352
288693
274380
284363
277243
288692
277241
274376
274377
275817
282931
281501
290120
288688
287240
280077
282919
274381
275810
290118
290124
277250
274378
247748
247747
246330
247749
246331
249171
247746
249170
246332
246329
249173
249172
247745
246328
249169
246327
247744
249168
246326
247750
246325
244904
247743
246333
244903
244906
246334
249167
244905
246324
247751
247742
249166
244902
243489
243487
244907
244896
243479
243490
246323
243486
244899
243482
244898
243488
244895
243481
244900
249174
247741
243478
244897
243480
244901
243484
244908
247752
243491
244894
243485
249165
243477
244893
250596
247740
250598
246322
243476
243483
249175
249164
243492
250597
244892
250595
243475
250599
246321
244909
246335
242062
252020
250594
247739
244891
249163
242065
243474
243493
242064
249176
242061
250601
244910
252019
242063
246320
250600
240650
250593
252021
242060
240649
244890
242076
247738
243494
252018
240647
243473
242075
246336
253412
240648
242066
240652
242059
242067
239242
101645
100363
101644
100362
102927
102925
102926
101643
102924
104201
101642
104200
102923
105480
104203
104202
106754
101641
105479
104199
106756
106755
106753
101640
108036
108035
108034
105482
105481
102922
105478
108033
106752
101639
109326
109325
102921
108032
104198
100361
100358
100359
106751
105477
99078
99081
99079
104197
108031
100360
96542
96541
97806
95283
106750
97807
99080
105476
109322
100357
95286
94030
108030
109321
95284
101638
94029
110599
95285
96544
109320
110598
94032
96540
96543
111881
97809
94031
110597
102920
111880
97805
97808
95282
111879
94028
113161
97804
96539
109323
100356
110600
101637
113160
106749
104196
111882
109319
109324
111885
95281
105475
110601
111884
108029
111883
110596
92774
92775
102919
110603
94027
110602
92773
104195
111878
108028
105474
100355
101636
