966120
966119
967394
964821
966121
967393
964820
967395
968679
966118
964822
968678
967392
964819
963513
963512
966122
968677
964823
966117
969973
967396
963511
968680
969972
967391
964818
963514
968681
968676
966123
969971
962206
962205
963515
967397
969974
971251
971250
962204
964817
963510
966116
964824
967390
969970
969975
971252
971249
962207
495744
495743
497011
495742
497010
497009
498280
498279
495741
498278
499572
497008
499571
499573
495740
498277
497007
500872
500871
494462
495739
498276
500873
500870
497006
499574
494461
499570
493200
499569
499575
498275
495738
500874
502165
497005
493199
494460
502166
499576
499568
500875
491906
500869
494459
502167
495737
500868
498274
493198
924579
924578
924580
925881
923265
925880
923266
924577
925879
925882
925878
924581
923264
923267
924576
925877
927191
920645
921944
923268
923263
925876
920644
921943
924575
927192
919341
928494
920643
923262
921942
919340
928495
924574
925875
921941
923261
919339
921945
920642
925883
929791
920646
927190
929790
921940
928496
919338
924573
925874
567014
567013
568430
568431
568429
567015
567012
568432
567016
569844
568428
569843
569845
569842
568433
565609
565606
567011
567017
565607
569841
569846
565608
565610
565605
564247
569847
567010
568427
568434
564244
571277
564246
565611
567018
565604
564248
571278
564245
568426
571279
571280
569848
564242
564243
571276
562878
568435
565612
571281
1058226
1059512
1056936
1058227
1059511
1059513
1058225
1056935
1060830
1058228
1056937
1060829
1059514
1059510
1060831
1058224
1056934
1056938
1060828
1062119
1060832
1058229
1062118
1059509
1062120
1059515
1055604
1058223
1056939
1062117
1060827
1055603
1060833
1062121
1054299
1063410
1056933
1063409
1054298
1063411
1062116
1055602
1055605
1059508
1062122
1058222
1055606
1063408
1060826
1059516
896783
898116
895433
896784
895434
898115
899437
896782
898117
895432
894086
894087
899438
894085
900750
892735
894088
892736
899439
894084
894089
892734
900751
892733
896785
902053
902052
895435
891381
892737
891382
900749
899436
894090
903361
895436
898118
891383
900752
892732
892738
891380
895438
902054
891379
903362
896787
896786
898119
903360
535043
536415
535042
535044
536414
535045
537782
536416
536417
537783
539166
533651
539167
540532
537784
540533
532311
539168
530976
533652
541903
540534
532312
530977
541904
543303
532313
543304
530978
533653
541905
544674
543305
544675
550213
546058
547460
551615
550214
544676
548830
537785
547459
546057
548829
551616
546056
548828
550215
550212
803313
803314
801857
804774
804775
803312
804773
803315
801858
804776
806231
806232
801859
803311
801856
800400
800399
806233
803316
804777
800398
801860
806230
807689
807690
801855
804772
800401
806234
807691
800397
806229
803317
807688
800402
804778
798936
807692
809153
798935
809154
809152
798937
806235
801861
803310
809151
801854
798934
800403
1007048
1005829
1005830
1008284
1007049
1007047
1008285
1005828
1004588
1005831
1004589
1009530
1004587
1007050
1008283
1004590
1003348
1007051
1009531
1003349
1009529
1005832
1008286
1010759
1003347
1004591
1003350
1004586
1010760
1003346
1009532
1002106
1005833
1007052
1008287
1002107
1002105
1003351
1009528
1002108
1004592
1011986
1010761
1011987
1002104
1010758
1003352
1002109
1008288
1005834
950439
950438
951720
950440
951719
951721
949130
950441
949129
952994
951718
952995
951722
952993
949131
950437
949128
947834
947835
952992
952996
954258
950442
947836
951723
954259
954257
946534
951717
949132
947833
952991
949127
950436
952997
954256
946535
954260
947837
946533
946532
955526
955525
950443
955527
947832
954255
949133
946536
954261
806482
805025
807940
806481
807939
803564
809402
806483
809403
803563
805026
805024
810863
802107
802108
810864
807941
803565
809404
812319
800649
803566
800650
812320
813788
799186
802109
813789
802110
810865
815239
797739
815240
800651
799187
800652
812321
813790
816694
816695
815241
813787
796297
797740
815242
816693
815238
807938
812318
816696
804985
806442
804986
803524
806443
803525
804987
802068
804984
807900
806444
803526
807901
802069
803523
806441
807902
802070
802067
803522
807899
800610
800611
809363
804988
809364
806445
803527
802066
804983
809365
800612
800609
806440
807903
799147
800608
807898
799148
810824
802065
802071
810825
804982
809362
806446
803521
809366
806439
799149
720278
721743
718815
723215
720277
718814
721742
723216
724684
720279
721744
718816
726147
724685
723217
727614
726148
724686
729075
727615
726146
727613
730534
724683
726149
729076
723214
729074
730535
727612
730533
726145
731990
729077
727616
724682
731989
729073
720276
718813
721741
717351
717352
731991
723213
733443
730532
733442
724681
727611
726097
724634
726098
727564
727565
724635
726099
723165
726096
727566
724633
723166
723164
724636
729025
729026
729027
723167
724632
721691
727567
727563
726100
721692
730484
730485
723163
729028
726095
721693
721690
730486
724637
720226
727568
721694
730487
726101
723168
729024
720227
729029
726094
724631
727562
720228
720225
724638
721689
729023
642384
642383
643793
643792
645204
645203
642382
643791
646615
646614
645202
642381
648019
648018
646613
649434
649433
643790
648017
650863
650862
649432
645201
650861
646612
652288
652287
648016
652286
650860
649431
652285
653711
636734
653709
653710
636733
653708
639564
633906
639563
638151
655141
635322
655140
636732
633905
638150
655142
635321
639508
638095
639509
640913
640914
638096
636678
642325
642326
640915
639510
636679
638097
642327
635266
636677
643734
643735
638094
635267
636680
643736
639507
640912
633850
645145
635268
645146
642324
636676
633851
635265
639511
638098
645147
638093
640916
636681
635264
633852
642328
632435
633849
639506
632436
640911
646557
646558
643733
643737
585367
583941
583940
585366
582522
586776
582521
583939
588211
589643
586778
582524
582523
581116
585365
586777
581115
581118
581117
589644
591074
579687
579688
588210
579690
579689
591075
586775
588212
578256
591073
588209
578255
591076
592520
585368
586779
581114
592521
579686
583942
578254
592519
582520
589642
576843
576842
592522
589645
583943
632361
632360
630951
630950
633777
632362
632359
633776
633775
633778
630949
635195
629533
635194
629534
632363
635196
633774
632358
630948
633779
636607
629532
635193
630952
635192
636606
629531
636608
635197
632364
632357
630947
636605
633773
638022
636604
630953
628110
636609
638023
629530
633772
629535
628111
632356
628109
630946
638024
628108
1096848
1096847
1095461
1095460
1095462
1096846
1094082
1094083
1096849
1095459
1094081
1095463
1096850
1098226
1098225
1094080
1094084
1096845
1098224
1092720
1095458
1099627
1092721
1094079
1095464
1099626
1098227
1098223
1096851
1094085
1092722
1096844
1092718
1091340
1095457
1092719
1099628
1099625
1092717
1094078
1091341
1098222
1098221
1091342
1092723
1098228
1095465
1095456
1099624
1091338
1019295
1018054
1019294
1019296
1018055
1020526
1018053
1020527
1019297
1018056
1020525
1016813
1018052
1020528
1016812
1021741
1016811
1021742
1016814
1019293
1019298
1021740
1018057
1016810
1021743
1020524
1018051
1020529
1016815
1015556
1015554
1015553
1021739
1016809
1021744
1019292
1015555
1018058
1020523
1019299
1015557
1020530
1014310
1018050
1016816
1015552
1021738
1014311
1016808
1014309
962943
962942
962944
964241
961635
961634
964242
962941
961633
964240
960326
962945
961636
960325
964243
960327
965548
961632
960328
959038
964239
960324
965549
959039
965547
959040
966822
962940
961631
964244
957738
957737
959037
966821
965546
965550
957739
962939
959036
957736
964238
966820
956432
956431
960323
965545
966823
959041
956433
957735
903022
901722
903021
903023
901721
904340
900419
903020
901720
900418
904339
903024
901723
901724
900417
904341
904342
903025
903019
900420
901725
900421
899092
904338
899093
901719
904343
905654
905655
899091
903026
905653
900416
901718
903018
904337
897776
897777
905652
900422
901726
900415
899090
904344
897775
900423
905656
899095
901717
899096
536203
534822
536204
534823
536205
533430
537573
534824
533431
536202
534821
537574
533432
536206
537572
532088
534825
536201
533429
532089
538953
534820
538952
537571
537575
532087
533433
538954
532090
538951
533428
540318
536207
537570
538955
534826
530752
530753
540319
532092
532091
536208
533434
530751
530754
537576
540320
533427
538956
537569
282926
282925
281509
282927
281507
281508
284358
282924
281506
281510
285800
284357
280084
285799
282923
280085
284359
284360
281511
284356
282928
284355
280082
285801
280081
285802
281505
284361
278662
285798
280083
282929
285803
280086
285797
282922
278660
278659
284354
278661
287246
281504
278663
278664
285796
287245
282921
280080
281503
277247
247748
247747
246330
247749
246331
249171
247746
249170
246332
246329
249173
249172
247745
246328
249169
246327
247744
249168
246326
247750
246325
244904
247743
246333
244903
244906
246334
249167
244905
246324
247751
247742
249166
244902
243489
243487
244907
244896
243479
243490
246323
243486
244899
243482
244898
243488
244895
243481
244900
249174
101645
100363
101644
100362
102927
102925
102926
101643
102924
104201
101642
104200
102923
105480
104203
104202
106754
101641
105479
104199
106756
106755
106753
101640
108036
108035
108034
105482
105481
102922
105478
108033
106752
101639
109326
109325
102921
108032
104198
100361
100358
100359
106751
105477
99078
99081
99079
104197
108031
100360
