966120
966119
967394
964821
966121
967393
964820
967395
968679
966118
495744
495743
497011
495742
497010
497009
498280
498279
495741
498278
924579
924578
924580
925881
923265
925880
923266
924577
925879
925882
567014
567013
568430
568431
568429
567015
567012
568432
567016
569844
1058226
1059512
1056936
1058227
1059511
1059513
1058225
1056935
1060830
1058228
896783
898116
895433
896784
895434
898115
899437
896782
898117
895432
535043
536415
535042
535044
536414
535045
537782
536416
536417
537783
803313
803314
801857
804774
804775
803312
804773
803315
801858
804776
1007048
1005829
1005830
1008284
1007049
1007047
1008285
1005828
1004588
1005831
950439
950438
951720
950440
951719
951721
949130
950441
949129
952994
806482
805025
807940
806481
807939
803564
809402
806483
809403
803563
804985
806442
804986
803524
806443
803525
804987
802068
804984
807900
720278
721743
718815
723215
720277
718814
721742
723216
724684
720279
726097
724634
726098
727564
727565
724635
726099
723165
726096
727566
642384
642383
643793
643792
645204
645203
642382
643791
646615
646614
639508
638095
639509
640913
640914
638096
636678
642325
642326
640915
585367
583941
583940
585366
582522
586776
582521
583939
588211
589643
632361
632360
630951
630950
633777
632362
632359
633776
633775
633778
1096848
1096847
1095461
1095460
1095462
1096846
1094082
1094083
1096849
1095459
1019295
1018054
1019294
1019296
1018055
1020526
1018053
1020527
1019297
1018056
962943
962942
962944
964241
961635
961634
964242
962941
961633
964240
903022
901722
903021
903023
901721
904340
900419
903020
901720
900418
536203
534822
536204
534823
536205
533430
537573
534824
533431
536202
282926
282925
281509
282927
281507
281508
284358
282924
281506
281510
247748
247747
246330
247749
246331
249171
247746
249170
246332
246329
101645
100363
101644
100362
102927
102925
102926
101643
102924
104201
